address 2537594876 written to by (0, 79),(0, 78),(0, 77)
address 2537566844 written to by (0, 100),(0, 96),(0, 92)
address 2537564156 written to by (0, 79),(0, 39),(0, 19),(0, 75),(0, 37),(0, 18),(0, 71),(0, 35),(0, 17)
address 2537560700 written to by (0, 105),(0, 52),(0, 97),(0, 48),(0, 89),(0, 44)
address 2537555172 written to by (0, 92),(0, 28)
address 2537557628 written to by (0, 115),(0, 57),(0, 28),(0, 99),(0, 49),(0, 24),(0, 83),(0, 41),(0, 20)
address 2537556076 written to by (0, 102),(0, 70)
address 2537560508 written to by (0, 102),(0, 94),(0, 86)
address 2537557436 written to by (0, 109),(0, 54),(0, 93),(0, 46),(0, 77),(0, 38)
address 2537557212 written to by (0, 102),(0, 86),(0, 70)
address 2537618428 written to by (0, 125),(0, 124),(0, 123)
address 2537592316 written to by (0, 74),(0, 73),(0, 72)
address 2537586172 written to by (0, 125),(0, 62),(0, 123),(0, 61),(0, 121),(0, 60)
address 2537556364 written to by (0, 120),(0, 88)
address 2537558300 written to by (0, 120),(0, 104)
address 2537594364 written to by (0, 78),(0, 77),(0, 76)
address 2537567996 written to by (0, 109),(0, 54),(0, 105),(0, 52),(0, 101),(0, 50)
address 2537582076 written to by (0, 109),(0, 54),(0, 107),(0, 53),(0, 105),(0, 52)
address 2537576444 written to by (0, 87),(0, 43),(0, 85),(0, 42),(0, 83),(0, 41)
address 2537560060 written to by (0, 95),(0, 47),(0, 23),(0, 11),(0, 87),(0, 43),(0, 21),(0, 10),(0, 79),(0, 39),(0, 19),(0, 9)
address 2537569020 written to by (0, 117),(0, 58),(0, 113),(0, 56),(0, 109),(0, 54)
address 2537575420 written to by (0, 83),(0, 41),(0, 81),(0, 40),(0, 79),(0, 39)
address 2537570300 written to by (0, 127),(0, 63),(0, 31),(0, 123),(0, 61),(0, 30),(0, 119),(0, 59),(0, 29)
address 2537566716 written to by (0, 99),(0, 49),(0, 24),(0, 95),(0, 47),(0, 23),(0, 91),(0, 45),(0, 22)
address 2537557244 written to by (0, 103),(0, 51),(0, 25),(0, 12),(0, 87),(0, 43),(0, 21),(0, 10),(0, 71),(0, 35),(0, 17),(0, 8)
address 2537558460 written to by (0, 70),(0, 125),(0, 62),(0, 109),(0, 54)
address 2537557052 written to by (0, 97),(0, 48),(0, 81),(0, 40),(0, 65),(0, 32)
address 2537558524 written to by (0, 71),(0, 35),(0, 17),(0, 8),(0, 127),(0, 63),(0, 31),(0, 15),(0, 7),(0, 111),(0, 55),(0, 27),(0, 13),(0, 6)
address 2537560124 written to by (0, 96),(0, 88),(0, 80)
address 2537558204 written to by (0, 66),(0, 117),(0, 58),(0, 101),(0, 50)
address 2537583100 written to by (0, 113),(0, 56),(0, 111),(0, 55),(0, 109),(0, 54)
address 2537563772 written to by (0, 76),(0, 72),(0, 68)
address 2537555204 written to by (0, 96),(0, 32)
address 2537556252 written to by (0, 72),(0, 113),(0, 56),(0, 81),(0, 40)
address 2537556444 written to by (0, 78),(0, 125),(0, 62),(0, 93),(0, 46)
address 2537555500 written to by (0, 98),(0, 66),(0, 69),(0, 34)
address 2537571580 written to by (0, 68),(0, 66),(0, 64)
address 2537554780 written to by (0, 107),(0, 53),(0, 26),(0, 43),(0, 21),(0, 10)
address 2537560380 written to by (0, 100),(0, 92),(0, 84)
address 2537556636 written to by (0, 84),(0, 68),(0, 105),(0, 52)
address 2537555060 written to by (0, 78),(0, 14)
address 2537554788 written to by (0, 108),(0, 44)
address 2537554692 written to by (0, 96),(0, 32)
address 2537563516 written to by (0, 74),(0, 70),(0, 66)
address 2537580796 written to by (0, 104),(0, 102),(0, 100)
address 2537554484 written to by (0, 70),(0, 6)
address 2537555068 written to by (0, 71),(0, 35),(0, 17),(0, 8),(0, 79),(0, 39),(0, 19),(0, 9),(0, 4),(0, 15),(0, 7),(0, 3),(0, 1),(0, 0)
address 2537555900 written to by (0, 123),(0, 61),(0, 30),(0, 91),(0, 45),(0, 22),(0, 119),(0, 59),(0, 29),(0, 14)
address 2537586940 written to by (0, 126),(0, 124)
address 2537563004 written to by (0, 70),(0, 66),(0, 125),(0, 62)
address 2537555276 written to by (0, 84),(0, 105),(0, 52),(0, 41),(0, 20)
address 2537556412 written to by (0, 77),(0, 38),(0, 123),(0, 61),(0, 30),(0, 91),(0, 45),(0, 22)
address 2537615868 written to by (0, 120),(0, 119),(0, 118)
address 2537607676 written to by (0, 104),(0, 103),(0, 102)
address 2537560188 written to by (0, 97),(0, 48),(0, 89),(0, 44),(0, 81),(0, 40)
address 2537555124 written to by (0, 86),(0, 22)
address 2537555740 written to by (0, 113),(0, 56),(0, 81),(0, 40),(0, 99),(0, 49),(0, 24)
address 2537619964 written to by (0, 127),(0, 126)
address 2537555804 written to by (0, 117),(0, 58),(0, 85),(0, 42),(0, 107),(0, 53),(0, 26)
address 2537611260 written to by (0, 111),(0, 110),(0, 109)
address 2537558588 written to by (0, 72),(0, 64),(0, 113),(0, 56)
address 2537556332 written to by (0, 118),(0, 86)
address 2537556028 written to by (0, 65),(0, 32),(0, 99),(0, 49),(0, 24),(0, 67),(0, 33),(0, 16)
address 2537562748 written to by (0, 68),(0, 64),(0, 121),(0, 60)
address 2537554876 written to by (0, 119),(0, 59),(0, 29),(0, 14),(0, 55),(0, 27),(0, 13),(0, 6)
address 2537555380 written to by (0, 118),(0, 54)
address 2537558908 written to by (0, 77),(0, 38),(0, 69),(0, 34),(0, 123),(0, 61),(0, 30)
address 2537569532 written to by (0, 121),(0, 60),(0, 117),(0, 58),(0, 113),(0, 56)
address 2537562236 written to by (0, 64),(0, 121),(0, 60),(0, 113),(0, 56)
address 2537554332 written to by (0, 51),(0, 25),(0, 12)
address 2537554268 written to by (0, 43),(0, 21),(0, 10)
address 2537579260 written to by (0, 98),(0, 96),(0, 94)
address 2537557596 written to by (0, 114),(0, 98),(0, 82)
address 2537557372 written to by (0, 107),(0, 53),(0, 26),(0, 91),(0, 45),(0, 22),(0, 75),(0, 37),(0, 18)
address 2537555388 written to by (0, 91),(0, 45),(0, 22),(0, 119),(0, 59),(0, 29),(0, 14),(0, 55),(0, 27),(0, 13),(0, 6)
address 2537592828 written to by (0, 75),(0, 74),(0, 73)
address 2537555180 written to by (0, 78),(0, 93),(0, 46),(0, 29),(0, 14)
address 2537572092 written to by (0, 70),(0, 68),(0, 66)
address 2537555452 written to by (0, 95),(0, 47),(0, 23),(0, 11),(0, 5),(0, 2),(0, 127),(0, 63),(0, 31),(0, 15),(0, 7),(0, 3),(0, 1),(0, 63),(0, 31),(0, 15),(0, 7),(0, 3),(0, 1),(0, 0)
address 2537554428 written to by (0, 63),(0, 31),(0, 15),(0, 7),(0, 3),(0, 1),(0, 0)
address 2537554724 written to by (0, 100),(0, 36)
address 2537555188 written to by (0, 94),(0, 30)
address 2537554924 written to by (0, 125),(0, 62),(0, 61),(0, 30)
address 2537559036 written to by (0, 79),(0, 39),(0, 19),(0, 9),(0, 71),(0, 35),(0, 17),(0, 8),(0, 127),(0, 63),(0, 31),(0, 15),(0, 7)
address 2537554012 written to by (0, 11),(0, 5),(0, 2)
address 2537598972 written to by (0, 87),(0, 86),(0, 85)
address 2537573116 written to by (0, 74),(0, 72),(0, 70)
address 2537555084 written to by (0, 72),(0, 81),(0, 40),(0, 17),(0, 8)
address 2537554556 written to by (0, 79),(0, 39),(0, 19),(0, 9),(0, 4),(0, 15),(0, 7),(0, 3),(0, 1),(0, 0)
address 2537565820 written to by (0, 92),(0, 88),(0, 84)
address 2537559228 written to by (0, 82),(0, 74),(0, 66)
address 2537556396 written to by (0, 122),(0, 90)
address 2537555356 written to by (0, 89),(0, 44),(0, 115),(0, 57),(0, 28),(0, 51),(0, 25),(0, 12)
address 2537558972 written to by (0, 78),(0, 70),(0, 125),(0, 62)
address 2537587196 written to by (0, 64),(0, 127),(0, 63),(0, 125),(0, 62)
address 2537554236 written to by (0, 39),(0, 19),(0, 9),(0, 4)
address 2537601020 written to by (0, 91),(0, 90),(0, 89)
address 2537556540 written to by (0, 81),(0, 40),(0, 65),(0, 32),(0, 99),(0, 49),(0, 24)
address 2537555404 written to by (0, 92),(0, 121),(0, 60),(0, 57),(0, 28)
address 2537574652 written to by (0, 80),(0, 78),(0, 76)
address 2537554756 written to by (0, 104),(0, 40)
address 2537565436 written to by (0, 89),(0, 44),(0, 85),(0, 42),(0, 81),(0, 40)
address 2537555612 written to by (0, 105),(0, 52),(0, 73),(0, 36),(0, 83),(0, 41),(0, 20)
address 2537554644 written to by (0, 90),(0, 26)
address 2537561148 written to by (0, 112),(0, 104),(0, 96)
address 2537555036 written to by (0, 69),(0, 34),(0, 75),(0, 37),(0, 18),(0, 11),(0, 5),(0, 2)
address 2537557532 written to by (0, 112),(0, 96),(0, 80)
address 2537555884 written to by (0, 122),(0, 90),(0, 117),(0, 58)
address 2537593852 written to by (0, 77),(0, 76),(0, 75)
address 2537553996 written to by (0, 9),(0, 4)
address 2537557820 written to by (0, 121),(0, 60),(0, 105),(0, 52),(0, 89),(0, 44)
address 2537554892 written to by (0, 121),(0, 60),(0, 57),(0, 28)
address 2537557148 written to by (0, 100),(0, 84),(0, 68)
address 2537558844 written to by (0, 76),(0, 68),(0, 121),(0, 60)
address 2537567484 written to by (0, 105),(0, 52),(0, 101),(0, 50),(0, 97),(0, 48)
address 2537605116 written to by (0, 99),(0, 98),(0, 97)
address 2537554988 written to by (0, 66),(0, 69),(0, 34),(0, 5),(0, 2)
address 2537555980 written to by (0, 96),(0, 64)
address 2537609724 written to by (0, 108),(0, 107),(0, 106)
address 2537604092 written to by (0, 97),(0, 96),(0, 95)
address 2537560828 written to by (0, 107),(0, 53),(0, 26),(0, 99),(0, 49),(0, 24),(0, 91),(0, 45),(0, 22)
address 2537554980 written to by (0, 68),(0, 4)
address 2537585916 written to by (0, 124),(0, 122),(0, 120)
address 2537554828 written to by (0, 113),(0, 56),(0, 49),(0, 24)
address 2537580284 written to by (0, 102),(0, 100),(0, 98)
address 2537557116 written to by (0, 99),(0, 49),(0, 24),(0, 83),(0, 41),(0, 20),(0, 67),(0, 33),(0, 16)
address 2537554140 written to by (0, 27),(0, 13),(0, 6)
address 2537564668 written to by (0, 83),(0, 41),(0, 20),(0, 79),(0, 39),(0, 19),(0, 75),(0, 37),(0, 18)
address 2537554380 written to by (0, 57),(0, 28)
address 2537614332 written to by (0, 117),(0, 116),(0, 115)
address 2537554820 written to by (0, 112),(0, 48)
address 2537581564 written to by (0, 107),(0, 53),(0, 105),(0, 52),(0, 103),(0, 51)
address 2537560252 written to by (0, 98),(0, 90),(0, 82)
address 2537564284 written to by (0, 80),(0, 76),(0, 72)
address 2537582844 written to by (0, 112),(0, 110),(0, 108)
address 2537567100 written to by (0, 102),(0, 98),(0, 94)
address 2537558236 written to by (0, 118),(0, 102)
address 2537579004 written to by (0, 97),(0, 48),(0, 95),(0, 47),(0, 93),(0, 46)
address 2537570044 written to by (0, 125),(0, 62),(0, 121),(0, 60),(0, 117),(0, 58)
address 2537573372 written to by (0, 75),(0, 37),(0, 73),(0, 36),(0, 71),(0, 35)
address 2537569916 written to by (0, 124),(0, 120),(0, 116)
address 2537568508 written to by (0, 113),(0, 56),(0, 109),(0, 54),(0, 105),(0, 52)
address 2537554972 written to by (0, 65),(0, 32),(0, 67),(0, 33),(0, 16),(0, 3),(0, 1),(0, 0)
address 2537577212 written to by (0, 90),(0, 88),(0, 86)
address 2537600508 written to by (0, 90),(0, 89),(0, 88)
address 2537555108 written to by (0, 84),(0, 20)
address 2537557692 written to by (0, 117),(0, 58),(0, 101),(0, 50),(0, 85),(0, 42)
address 2537553932 written to by (0, 1),(0, 0)
address 2537601532 written to by (0, 92),(0, 91),(0, 90)
address 2537555820 written to by (0, 118),(0, 86),(0, 109),(0, 54)
address 2537555628 written to by (0, 106),(0, 74),(0, 85),(0, 42)
address 2537556204 written to by (0, 110),(0, 78)
address 2537556476 written to by (0, 79),(0, 39),(0, 19),(0, 9),(0, 4),(0, 127),(0, 63),(0, 31),(0, 15),(0, 7),(0, 3),(0, 95),(0, 47),(0, 23),(0, 11),(0, 5),(0, 2)
address 2537555532 written to by (0, 100),(0, 68),(0, 73),(0, 36)
address 2537555100 written to by (0, 73),(0, 36),(0, 83),(0, 41),(0, 20),(0, 19),(0, 9),(0, 4)
address 2537556108 written to by (0, 104),(0, 72)
address 2537602556 written to by (0, 94),(0, 93),(0, 92)
address 2537561212 written to by (0, 113),(0, 56),(0, 105),(0, 52),(0, 97),(0, 48)
address 2537556828 written to by (0, 90),(0, 74),(0, 117),(0, 58)
address 2537565948 written to by (0, 93),(0, 46),(0, 89),(0, 44),(0, 85),(0, 42)
address 2537555252 written to by (0, 102),(0, 38)
address 2537556316 written to by (0, 74),(0, 117),(0, 58),(0, 85),(0, 42)
address 2537555852 written to by (0, 120),(0, 88),(0, 113),(0, 56)
address 2537555156 written to by (0, 90),(0, 26)
address 2537556668 written to by (0, 85),(0, 42),(0, 69),(0, 34),(0, 107),(0, 53),(0, 26)
address 2537555580 written to by (0, 103),(0, 51),(0, 25),(0, 12),(0, 71),(0, 35),(0, 17),(0, 8),(0, 79),(0, 39),(0, 19),(0, 9),(0, 4)
address 2537597436 written to by (0, 84),(0, 83),(0, 82)
address 2537555484 written to by (0, 97),(0, 48),(0, 65),(0, 32),(0, 67),(0, 33),(0, 16)
address 2537553948 written to by (0, 3),(0, 1),(0, 0)
address 2537561532 written to by (0, 118),(0, 110),(0, 102)
address 2537556796 written to by (0, 89),(0, 44),(0, 73),(0, 36),(0, 115),(0, 57),(0, 28)
address 2537618940 written to by (0, 126),(0, 125),(0, 124)
address 2537614844 written to by (0, 118),(0, 117),(0, 116)
address 2537590780 written to by (0, 71),(0, 70),(0, 69)
address 2537572348 written to by (0, 71),(0, 35),(0, 69),(0, 34),(0, 67),(0, 33)
address 2537555932 written to by (0, 125),(0, 62),(0, 93),(0, 46),(0, 123),(0, 61),(0, 30)
address 2537555284 written to by (0, 106),(0, 42)
address 2537556348 written to by (0, 75),(0, 37),(0, 18),(0, 119),(0, 59),(0, 29),(0, 14),(0, 87),(0, 43),(0, 21),(0, 10)
address 2537556988 written to by (0, 95),(0, 47),(0, 23),(0, 11),(0, 5),(0, 79),(0, 39),(0, 19),(0, 9),(0, 4),(0, 127),(0, 63),(0, 31),(0, 15),(0, 7),(0, 3)
address 2537558268 written to by (0, 67),(0, 33),(0, 16),(0, 119),(0, 59),(0, 29),(0, 14),(0, 103),(0, 51),(0, 25),(0, 12)
address 2537568252 written to by (0, 111),(0, 55),(0, 27),(0, 107),(0, 53),(0, 26),(0, 103),(0, 51),(0, 25)
address 2537562108 written to by (0, 127),(0, 63),(0, 31),(0, 15),(0, 119),(0, 59),(0, 29),(0, 14),(0, 111),(0, 55),(0, 27),(0, 13)
address 2537555788 written to by (0, 116),(0, 84),(0, 105),(0, 52)
address 2537562300 written to by (0, 122),(0, 114)
address 2537562876 written to by (0, 69),(0, 34),(0, 65),(0, 32),(0, 123),(0, 61),(0, 30)
address 2537561596 written to by (0, 119),(0, 59),(0, 29),(0, 14),(0, 111),(0, 55),(0, 27),(0, 13),(0, 103),(0, 51),(0, 25),(0, 12)
address 2537554620 written to by (0, 87),(0, 43),(0, 21),(0, 10),(0, 23),(0, 11),(0, 5),(0, 2)
address 2537554044 written to by (0, 15),(0, 7),(0, 3),(0, 1),(0, 0)
address 2537554412 written to by (0, 61),(0, 30)
address 2537555372 written to by (0, 90),(0, 117),(0, 58),(0, 53),(0, 26)
address 2537554532 written to by (0, 76),(0, 12)
address 2537562428 written to by (0, 124),(0, 116)
address 2537558780 written to by (0, 75),(0, 37),(0, 18),(0, 67),(0, 33),(0, 16),(0, 119),(0, 59),(0, 29),(0, 14)
address 2537554300 written to by (0, 47),(0, 23),(0, 11),(0, 5),(0, 2)
address 2537554628 written to by (0, 88),(0, 24)
address 2537561340 written to by (0, 115),(0, 57),(0, 28),(0, 107),(0, 53),(0, 26),(0, 99),(0, 49),(0, 24)
address 2537555564 written to by (0, 102),(0, 70),(0, 77),(0, 38)
address 2537555428 written to by (0, 124),(0, 60)
address 2537616892 written to by (0, 122),(0, 121),(0, 120)
address 2537613820 written to by (0, 116),(0, 115),(0, 114)
address 2537555676 written to by (0, 109),(0, 54),(0, 77),(0, 38),(0, 91),(0, 45),(0, 22)
address 2537559804 written to by (0, 91),(0, 45),(0, 22),(0, 83),(0, 41),(0, 20),(0, 75),(0, 37),(0, 18)
address 2537569660 written to by (0, 122),(0, 118),(0, 114)
address 2537559100 written to by (0, 80),(0, 72),(0, 64)
address 2537554772 written to by (0, 106),(0, 42)
address 2537555420 written to by (0, 93),(0, 46),(0, 123),(0, 61),(0, 30),(0, 59),(0, 29),(0, 14)
address 2537563900 written to by (0, 77),(0, 38),(0, 73),(0, 36),(0, 69),(0, 34)
address 2537555308 written to by (0, 86),(0, 109),(0, 54),(0, 45),(0, 22)
address 2537588732 written to by (0, 67),(0, 66),(0, 65)
address 2537562044 written to by (0, 126),(0, 118),(0, 110)
address 2537554676 written to by (0, 94),(0, 30)
address 2537554092 written to by (0, 21),(0, 10)
address 2537591804 written to by (0, 73),(0, 72),(0, 71)
address 2537555004 written to by (0, 67),(0, 33),(0, 16),(0, 71),(0, 35),(0, 17),(0, 8),(0, 7),(0, 3),(0, 1),(0, 0)
address 2537562492 written to by (0, 66),(0, 125),(0, 62),(0, 117),(0, 58)
address 2537554564 written to by (0, 80),(0, 16)
address 2537555300 written to by (0, 108),(0, 44)
address 2537559356 written to by (0, 84),(0, 76),(0, 68)
address 2537558428 written to by (0, 124),(0, 108)
address 2537575164 written to by (0, 82),(0, 80),(0, 78)
address 2537554596 written to by (0, 84),(0, 20)
address 2537582588 written to by (0, 111),(0, 55),(0, 109),(0, 54),(0, 107),(0, 53)
address 2537557308 written to by (0, 105),(0, 52),(0, 89),(0, 44),(0, 73),(0, 36)
address 2537557916 written to by (0, 124),(0, 108),(0, 92)
address 2537558076 written to by (0, 64),(0, 113),(0, 56),(0, 97),(0, 48)
address 2537595388 written to by (0, 80),(0, 79),(0, 78)
address 2537590268 written to by (0, 70),(0, 69),(0, 68)
address 2537572604 written to by (0, 72),(0, 70),(0, 68)
address 2537557564 written to by (0, 113),(0, 56),(0, 97),(0, 48),(0, 81),(0, 40)
address 2537554956 written to by (0, 64),(0, 65),(0, 32),(0, 1),(0, 0)
address 2537562172 written to by (0, 120),(0, 112)
address 2537554812 written to by (0, 111),(0, 55),(0, 27),(0, 13),(0, 6),(0, 47),(0, 23),(0, 11),(0, 5),(0, 2)
address 2537568636 written to by (0, 114),(0, 110),(0, 106)
address 2537585148 written to by (0, 121),(0, 60),(0, 119),(0, 59),(0, 117),(0, 58)
address 2537564540 written to by (0, 82),(0, 78),(0, 74)
address 2537570172 written to by (0, 126),(0, 122),(0, 118)
address 2537569276 written to by (0, 119),(0, 59),(0, 29),(0, 115),(0, 57),(0, 28),(0, 111),(0, 55),(0, 27)
address 2537610748 written to by (0, 110),(0, 109),(0, 108)
address 2537554444 written to by (0, 65),(0, 32),(0, 1),(0, 0)
address 2537610236 written to by (0, 109),(0, 108),(0, 107)
address 2537580540 written to by (0, 103),(0, 51),(0, 101),(0, 50),(0, 99),(0, 49)
address 2537554900 written to by (0, 122),(0, 58)
address 2537582332 written to by (0, 110),(0, 108),(0, 106)
address 2537564796 written to by (0, 84),(0, 80),(0, 76)
address 2537559484 written to by (0, 86),(0, 78),(0, 70)
address 2537612284 written to by (0, 113),(0, 112),(0, 111)
address 2537558140 written to by (0, 65),(0, 32),(0, 115),(0, 57),(0, 28),(0, 99),(0, 49),(0, 24)
address 2537554908 written to by (0, 123),(0, 61),(0, 30),(0, 59),(0, 29),(0, 14)
address 2537597948 written to by (0, 85),(0, 84),(0, 83)
address 2537556604 written to by (0, 83),(0, 41),(0, 20),(0, 67),(0, 33),(0, 16),(0, 103),(0, 51),(0, 25),(0, 12)
address 2537555132 written to by (0, 75),(0, 37),(0, 18),(0, 87),(0, 43),(0, 21),(0, 10),(0, 23),(0, 11),(0, 5),(0, 2)
address 2537563644 written to by (0, 75),(0, 37),(0, 18),(0, 71),(0, 35),(0, 17),(0, 67),(0, 33),(0, 16)
address 2537555052 written to by (0, 70),(0, 77),(0, 38),(0, 13),(0, 6)
address 2537587708 written to by (0, 65),(0, 64),(0, 127),(0, 63)
address 2537576188 written to by (0, 86),(0, 84),(0, 82)
address 2537583356 written to by (0, 114),(0, 112),(0, 110)
address 2537556700 written to by (0, 86),(0, 70),(0, 109),(0, 54)
address 2537554492 written to by (0, 71),(0, 35),(0, 17),(0, 8),(0, 7),(0, 3),(0, 1),(0, 0)
address 2537558396 written to by (0, 69),(0, 34),(0, 123),(0, 61),(0, 30),(0, 107),(0, 53),(0, 26)
address 2537556428 written to by (0, 124),(0, 92)
address 2537568892 written to by (0, 116),(0, 112),(0, 108)
address 2537556156 written to by (0, 69),(0, 34),(0, 107),(0, 53),(0, 26),(0, 75),(0, 37),(0, 18)
address 2537613308 written to by (0, 115),(0, 114),(0, 113)
address 2537578492 written to by (0, 95),(0, 47),(0, 93),(0, 46),(0, 91),(0, 45)
address 2537574908 written to by (0, 81),(0, 40),(0, 79),(0, 39),(0, 77),(0, 38)
address 2537555916 written to by (0, 124),(0, 92),(0, 121),(0, 60)
address 2537555260 written to by (0, 83),(0, 41),(0, 20),(0, 103),(0, 51),(0, 25),(0, 12),(0, 39),(0, 19),(0, 9),(0, 4)
address 2537553964 written to by (0, 5),(0, 2)
address 2537557660 written to by (0, 116),(0, 100),(0, 84)
address 2537555756 written to by (0, 114),(0, 82),(0, 101),(0, 50)
address 2537555268 written to by (0, 104),(0, 40)
address 2537560444 written to by (0, 101),(0, 50),(0, 93),(0, 46),(0, 85),(0, 42)
address 2537593340 written to by (0, 76),(0, 75),(0, 74)
address 2537557948 written to by (0, 125),(0, 62),(0, 109),(0, 54),(0, 93),(0, 46)
address 2537558492 written to by (0, 126),(0, 110)
address 2537564028 written to by (0, 78),(0, 74),(0, 70)
address 2537611772 written to by (0, 112),(0, 111),(0, 110)
address 2537564412 written to by (0, 81),(0, 40),(0, 77),(0, 38),(0, 73),(0, 36)
address 2537555964 written to by (0, 127),(0, 63),(0, 31),(0, 15),(0, 7),(0, 3),(0, 95),(0, 47),(0, 23),(0, 11),(0, 5),(0, 2),(0, 127),(0, 63),(0, 31),(0, 15),(0, 7),(0, 3),(0, 1)
address 2537570556 written to by (0, 64),(0, 125),(0, 62),(0, 121),(0, 60)
address 2537556188 written to by (0, 70),(0, 109),(0, 54),(0, 77),(0, 38)
address 2537576956 written to by (0, 89),(0, 44),(0, 87),(0, 43),(0, 85),(0, 42)
address 2537609212 written to by (0, 107),(0, 106),(0, 105)
address 2537556284 written to by (0, 73),(0, 36),(0, 115),(0, 57),(0, 28),(0, 83),(0, 41),(0, 20)
address 2537554716 written to by (0, 99),(0, 49),(0, 24),(0, 35),(0, 17),(0, 8)
address 2537559164 written to by (0, 81),(0, 40),(0, 73),(0, 36),(0, 65),(0, 32)
address 2537595900 written to by (0, 81),(0, 80),(0, 79)
address 2537555196 written to by (0, 79),(0, 39),(0, 19),(0, 9),(0, 4),(0, 95),(0, 47),(0, 23),(0, 11),(0, 5),(0, 2),(0, 31),(0, 15),(0, 7),(0, 3),(0, 1),(0, 0)
address 2537555548 written to by (0, 101),(0, 50),(0, 69),(0, 34),(0, 75),(0, 37),(0, 18)
address 2537554436 written to by (0, 64),(0, 0)
address 2537554060 written to by (0, 17),(0, 8)
address 2537555444 written to by (0, 126),(0, 62)
address 2537555324 written to by (0, 87),(0, 43),(0, 21),(0, 10),(0, 111),(0, 55),(0, 27),(0, 13),(0, 6),(0, 47),(0, 23),(0, 11),(0, 5),(0, 2)
address 2537619452 written to by (0, 127),(0, 126),(0, 125)
address 2537561916 written to by (0, 124),(0, 116),(0, 108)
address 2537556380 written to by (0, 76),(0, 121),(0, 60),(0, 89),(0, 44)
address 2537617916 written to by (0, 124),(0, 123),(0, 122)
address 2537577468 written to by (0, 91),(0, 45),(0, 89),(0, 44),(0, 87),(0, 43)
address 2537554540 written to by (0, 77),(0, 38),(0, 13),(0, 6)
address 2537574140 written to by (0, 78),(0, 76),(0, 74)
address 2537606652 written to by (0, 102),(0, 101),(0, 100)
address 2537588220 written to by (0, 66),(0, 65),(0, 64)
address 2537554548 written to by (0, 78),(0, 14)
address 2537562556 written to by (0, 126),(0, 118)
address 2537555028 written to by (0, 74),(0, 10)
address 2537571068 written to by (0, 66),(0, 64),(0, 125),(0, 62)
address 2537554740 written to by (0, 102),(0, 38)
address 2537561468 written to by (0, 117),(0, 58),(0, 109),(0, 54),(0, 101),(0, 50)
address 2537565052 written to by (0, 86),(0, 82),(0, 78)
address 2537555020 written to by (0, 68),(0, 73),(0, 36),(0, 9),(0, 4)
address 2537554652 written to by (0, 91),(0, 45),(0, 22),(0, 27),(0, 13),(0, 6)
address 2537554748 written to by (0, 103),(0, 51),(0, 25),(0, 12),(0, 39),(0, 19),(0, 9),(0, 4)
address 2537555236 written to by (0, 100),(0, 36)
address 2537555708 written to by (0, 111),(0, 55),(0, 27),(0, 13),(0, 6),(0, 79),(0, 39),(0, 19),(0, 9),(0, 4),(0, 95),(0, 47),(0, 23),(0, 11),(0, 5),(0, 2)
address 2537561276 written to by (0, 114),(0, 106),(0, 98)
address 2537556124 written to by (0, 68),(0, 105),(0, 52),(0, 73),(0, 36)
address 2537555516 written to by (0, 99),(0, 49),(0, 24),(0, 67),(0, 33),(0, 16),(0, 71),(0, 35),(0, 17),(0, 8)
address 2537556220 written to by (0, 71),(0, 35),(0, 17),(0, 8),(0, 111),(0, 55),(0, 27),(0, 13),(0, 6),(0, 79),(0, 39),(0, 19),(0, 9),(0, 4)
address 2537583612 written to by (0, 115),(0, 57),(0, 113),(0, 56),(0, 111),(0, 55)
address 2537616380 written to by (0, 121),(0, 120),(0, 119)
address 2537559932 written to by (0, 93),(0, 46),(0, 85),(0, 42),(0, 77),(0, 38)
address 2537557020 written to by (0, 96),(0, 80),(0, 64)
address 2537569148 written to by (0, 118),(0, 114),(0, 110)
address 2537599484 written to by (0, 88),(0, 87),(0, 86)
address 2537570812 written to by (0, 65),(0, 32),(0, 127),(0, 63),(0, 31),(0, 123),(0, 61),(0, 30)
address 2537555996 written to by (0, 64),(0, 97),(0, 48),(0, 65),(0, 32)
address 2537567356 written to by (0, 104),(0, 100),(0, 96)
address 2537557724 written to by (0, 118),(0, 102),(0, 86)
address 2537554460 written to by (0, 67),(0, 33),(0, 16),(0, 3),(0, 1),(0, 0)
address 2537584892 written to by (0, 120),(0, 118),(0, 116)
address 2537554172 written to by (0, 31),(0, 15),(0, 7),(0, 3),(0, 1),(0, 0)
address 2537554964 written to by (0, 66),(0, 2)
address 2537554468 written to by (0, 68),(0, 4)
address 2537554836 written to by (0, 114),(0, 50)
address 2537557884 written to by (0, 123),(0, 61),(0, 30),(0, 107),(0, 53),(0, 26),(0, 91),(0, 45),(0, 22)
address 2537560956 written to by (0, 109),(0, 54),(0, 101),(0, 50),(0, 93),(0, 46)
address 2537599996 written to by (0, 89),(0, 88),(0, 87)
address 2537598460 written to by (0, 86),(0, 85),(0, 84)
address 2537584124 written to by (0, 117),(0, 58),(0, 115),(0, 57),(0, 113),(0, 56)
address 2537571836 written to by (0, 69),(0, 34),(0, 67),(0, 33),(0, 65),(0, 32)
address 2537554124 written to by (0, 25),(0, 12)
address 2537591292 written to by (0, 72),(0, 71),(0, 70)
address 2537568124 written to by (0, 110),(0, 106),(0, 102)
address 2537559612 written to by (0, 88),(0, 80),(0, 72)
address 2537555396 written to by (0, 120),(0, 56)
address 2537565180 written to by (0, 87),(0, 43),(0, 21),(0, 83),(0, 41),(0, 20),(0, 79),(0, 39),(0, 19)
address 2537554604 written to by (0, 85),(0, 42),(0, 21),(0, 10)
address 2537559996 written to by (0, 94),(0, 86),(0, 78)
address 2537580028 written to by (0, 101),(0, 50),(0, 99),(0, 49),(0, 97),(0, 48)
address 2537554516 written to by (0, 74),(0, 10)
address 2537554844 written to by (0, 115),(0, 57),(0, 28),(0, 51),(0, 25),(0, 12)
address 2537556012 written to by (0, 98),(0, 66)
address 2537557788 written to by (0, 120),(0, 104),(0, 88)
address 2537557084 written to by (0, 98),(0, 82),(0, 66)
address 2537556300 written to by (0, 116),(0, 84)
address 2537555244 written to by (0, 82),(0, 101),(0, 50),(0, 37),(0, 18)
address 2537556172 written to by (0, 108),(0, 76)
address 2537603068 written to by (0, 95),(0, 94),(0, 93)
address 2537555596 written to by (0, 104),(0, 72),(0, 81),(0, 40)
address 2537564924 written to by (0, 85),(0, 42),(0, 81),(0, 40),(0, 77),(0, 38)
address 2537566076 written to by (0, 94),(0, 90),(0, 86)
address 2537607164 written to by (0, 103),(0, 102),(0, 101)
address 2537555164 written to by (0, 77),(0, 38),(0, 91),(0, 45),(0, 22),(0, 27),(0, 13),(0, 6)
address 2537575932 written to by (0, 85),(0, 42),(0, 83),(0, 41),(0, 81),(0, 40)
address 2537558652 written to by (0, 73),(0, 36),(0, 65),(0, 32),(0, 115),(0, 57),(0, 28)
address 2537556060 written to by (0, 66),(0, 101),(0, 50),(0, 69),(0, 34)
address 2537586684 written to by (0, 127),(0, 63),(0, 125),(0, 62),(0, 123),(0, 61)
address 2537555948 written to by (0, 126),(0, 94),(0, 125),(0, 62)
address 2537581052 written to by (0, 105),(0, 52),(0, 103),(0, 51),(0, 101),(0, 50)
address 2537561788 written to by (0, 122),(0, 114),(0, 106)
address 2537560572 written to by (0, 103),(0, 51),(0, 25),(0, 12),(0, 95),(0, 47),(0, 23),(0, 11),(0, 87),(0, 43),(0, 21),(0, 10)
address 2537576700 written to by (0, 88),(0, 86),(0, 84)
address 2537557756 written to by (0, 119),(0, 59),(0, 29),(0, 14),(0, 103),(0, 51),(0, 25),(0, 12),(0, 87),(0, 43),(0, 21),(0, 10)
address 2537589244 written to by (0, 68),(0, 67),(0, 66)
address 2537581820 written to by (0, 108),(0, 106),(0, 104)
address 2537572860 written to by (0, 73),(0, 36),(0, 71),(0, 35),(0, 69),(0, 34)
address 2537557500 written to by (0, 111),(0, 55),(0, 27),(0, 13),(0, 6),(0, 95),(0, 47),(0, 23),(0, 11),(0, 5),(0, 79),(0, 39),(0, 19),(0, 9),(0, 4)
address 2537581308 written to by (0, 106),(0, 104),(0, 102)
address 2537566332 written to by (0, 96),(0, 92),(0, 88)
address 2537585404 written to by (0, 122),(0, 120),(0, 118)
address 2537560316 written to by (0, 99),(0, 49),(0, 24),(0, 91),(0, 45),(0, 22),(0, 83),(0, 41),(0, 20)
address 2537557404 written to by (0, 108),(0, 92),(0, 76)
address 2537557852 written to by (0, 122),(0, 106),(0, 90)
address 2537555412 written to by (0, 122),(0, 58)
address 2537563260 written to by (0, 72),(0, 68),(0, 64)
address 2537596412 written to by (0, 82),(0, 81),(0, 80)
address 2537578236 written to by (0, 94),(0, 92),(0, 90)
address 2537555660 written to by (0, 108),(0, 76),(0, 89),(0, 44)
address 2537555348 written to by (0, 114),(0, 50)
address 2537583868 written to by (0, 116),(0, 114),(0, 112)
address 2537608188 written to by (0, 105),(0, 104),(0, 103)
address 2537559420 written to by (0, 85),(0, 42),(0, 77),(0, 38),(0, 69),(0, 34)
address 2537565564 written to by (0, 90),(0, 86),(0, 82)
address 2537555340 written to by (0, 88),(0, 113),(0, 56),(0, 49),(0, 24)
address 2537567740 written to by (0, 107),(0, 53),(0, 26),(0, 103),(0, 51),(0, 25),(0, 99),(0, 49),(0, 24)
address 2537554636 written to by (0, 89),(0, 44),(0, 25),(0, 12)
address 2537617404 written to by (0, 123),(0, 122),(0, 121)
address 2537555212 written to by (0, 80),(0, 97),(0, 48),(0, 33),(0, 16)
address 2537554764 written to by (0, 105),(0, 52),(0, 41),(0, 20)
address 2537559548 written to by (0, 87),(0, 43),(0, 21),(0, 10),(0, 79),(0, 39),(0, 19),(0, 9),(0, 71),(0, 35),(0, 17),(0, 8)
address 2537555724 written to by (0, 112),(0, 80),(0, 97),(0, 48)
address 2537556924 written to by (0, 93),(0, 46),(0, 77),(0, 38),(0, 123),(0, 61),(0, 30)
address 2537555076 written to by (0, 80),(0, 16)
address 2537573884 written to by (0, 77),(0, 38),(0, 75),(0, 37),(0, 73),(0, 36)
address 2537562364 written to by (0, 65),(0, 32),(0, 123),(0, 61),(0, 30),(0, 115),(0, 57),(0, 28)
address 2537561724 written to by (0, 121),(0, 60),(0, 113),(0, 56),(0, 105),(0, 52)
address 2537555316 written to by (0, 110),(0, 46)
address 2537554684 written to by (0, 95),(0, 47),(0, 23),(0, 11),(0, 5),(0, 2),(0, 31),(0, 15),(0, 7),(0, 3),(0, 1),(0, 0)
address 2537556764 written to by (0, 88),(0, 72),(0, 113),(0, 56)
address 2537565308 written to by (0, 88),(0, 84),(0, 80)
address 2537556508 written to by (0, 80),(0, 64),(0, 97),(0, 48)
address 2537555772 written to by (0, 115),(0, 57),(0, 28),(0, 83),(0, 41),(0, 20),(0, 103),(0, 51),(0, 25),(0, 12)
address 2537554796 written to by (0, 109),(0, 54),(0, 45),(0, 22)
address 2537556956 written to by (0, 94),(0, 78),(0, 125),(0, 62)
address 2537555116 written to by (0, 74),(0, 85),(0, 42),(0, 21),(0, 10)
address 2537558364 written to by (0, 122),(0, 106)
address 2537554948 written to by (0, 64),(0, 0)
address 2537566460 written to by (0, 97),(0, 48),(0, 93),(0, 46),(0, 89),(0, 44)
address 2537579772 written to by (0, 100),(0, 98),(0, 96)
address 2537554940 written to by (0, 127),(0, 63),(0, 31),(0, 15),(0, 7),(0, 3),(0, 1),(0, 63),(0, 31),(0, 15),(0, 7),(0, 3),(0, 1),(0, 0)
address 2537558172 written to by (0, 116),(0, 100)
address 2537567228 written to by (0, 103),(0, 51),(0, 25),(0, 99),(0, 49),(0, 24),(0, 95),(0, 47),(0, 23)
address 2537554860 written to by (0, 117),(0, 58),(0, 53),(0, 26)
address 2537554348 written to by (0, 53),(0, 26)
address 2537554252 written to by (0, 41),(0, 20)
address 2537554868 written to by (0, 118),(0, 54)
address 2537566972 written to by (0, 101),(0, 50),(0, 97),(0, 48),(0, 93),(0, 46)
address 2537558012 written to by (0, 127),(0, 63),(0, 31),(0, 15),(0, 7),(0, 111),(0, 55),(0, 27),(0, 13),(0, 6),(0, 95),(0, 47),(0, 23),(0, 11),(0, 5)
address 2537554732 written to by (0, 101),(0, 50),(0, 37),(0, 18)
address 2537555092 written to by (0, 82),(0, 18)
address 2537573628 written to by (0, 76),(0, 74),(0, 72)
address 2537554108 written to by (0, 23),(0, 11),(0, 5),(0, 2)
address 2537568764 written to by (0, 115),(0, 57),(0, 28),(0, 111),(0, 55),(0, 27),(0, 107),(0, 53),(0, 26)
address 2537554932 written to by (0, 126),(0, 62)
address 2537603580 written to by (0, 96),(0, 95),(0, 94)
address 2537555468 written to by (0, 96),(0, 64),(0, 65),(0, 32)
address 2537554452 written to by (0, 66),(0, 2)
address 2537604604 written to by (0, 98),(0, 97),(0, 96)
address 2537567612 written to by (0, 106),(0, 102),(0, 98)
address 2537561980 written to by (0, 125),(0, 62),(0, 117),(0, 58),(0, 109),(0, 54)
address 2537556892 written to by (0, 92),(0, 76),(0, 121),(0, 60)
address 2537578748 written to by (0, 96),(0, 94),(0, 92)
address 2537554524 written to by (0, 75),(0, 37),(0, 18),(0, 11),(0, 5),(0, 2)
address 2537567868 written to by (0, 108),(0, 104),(0, 100)
address 2537554220 written to by (0, 37),(0, 18)
address 2537560892 written to by (0, 108),(0, 100),(0, 92)
address 2537556140 written to by (0, 106),(0, 74)
address 2537555868 written to by (0, 121),(0, 60),(0, 89),(0, 44),(0, 115),(0, 57),(0, 28)
address 2537556860 written to by (0, 91),(0, 45),(0, 22),(0, 75),(0, 37),(0, 18),(0, 119),(0, 59),(0, 29),(0, 14)
address 2537555292 written to by (0, 85),(0, 42),(0, 107),(0, 53),(0, 26),(0, 43),(0, 21),(0, 10)
address 2537560764 written to by (0, 106),(0, 98),(0, 90)
address 2537557468 written to by (0, 110),(0, 94),(0, 78)
address 2537561660 written to by (0, 120),(0, 112),(0, 104)
address 2537554884 written to by (0, 120),(0, 56)
address 2537556044 written to by (0, 100),(0, 68)
address 2537589756 written to by (0, 69),(0, 68),(0, 67)
address 2537569788 written to by (0, 123),(0, 61),(0, 30),(0, 119),(0, 59),(0, 29),(0, 115),(0, 57),(0, 28)
address 2537566204 written to by (0, 95),(0, 47),(0, 23),(0, 91),(0, 45),(0, 22),(0, 87),(0, 43),(0, 21)
address 2537575676 written to by (0, 84),(0, 82),(0, 80)
address 2537554996 written to by (0, 70),(0, 6)
address 2537561084 written to by (0, 111),(0, 55),(0, 27),(0, 13),(0, 103),(0, 51),(0, 25),(0, 12),(0, 95),(0, 47),(0, 23),(0, 11)
address 2537558332 written to by (0, 68),(0, 121),(0, 60),(0, 105),(0, 52)
address 2537560636 written to by (0, 104),(0, 96),(0, 88)
address 2537605628 written to by (0, 100),(0, 99),(0, 98)
address 2537553980 written to by (0, 7),(0, 3),(0, 1),(0, 0)
address 2537584380 written to by (0, 118),(0, 116),(0, 114)
address 2537570428 written to by (0, 124),(0, 120)
address 2537554580 written to by (0, 82),(0, 18)
address 2537585660 written to by (0, 123),(0, 61),(0, 121),(0, 60),(0, 119),(0, 59)
address 2537558716 written to by (0, 74),(0, 66),(0, 117),(0, 58)
address 2537554396 written to by (0, 59),(0, 29),(0, 14)
address 2537554156 written to by (0, 29),(0, 14)
address 2537554284 written to by (0, 45),(0, 22)
address 2537556092 written to by (0, 67),(0, 33),(0, 16),(0, 103),(0, 51),(0, 25),(0, 12),(0, 71),(0, 35),(0, 17),(0, 8)
address 2537558044 written to by (0, 112),(0, 96)
address 2537557276 written to by (0, 104),(0, 88),(0, 72)
address 2537558108 written to by (0, 114),(0, 98)
address 2537554588 written to by (0, 83),(0, 41),(0, 20),(0, 19),(0, 9),(0, 4)
address 2537559292 written to by (0, 83),(0, 41),(0, 20),(0, 75),(0, 37),(0, 18),(0, 67),(0, 33),(0, 16)
address 2537571324 written to by (0, 67),(0, 33),(0, 65),(0, 32),(0, 127),(0, 63),(0, 31)
address 2537554660 written to by (0, 92),(0, 28)
address 2537559676 written to by (0, 89),(0, 44),(0, 81),(0, 40),(0, 73),(0, 36)
address 2537555332 written to by (0, 112),(0, 48)
address 2537554572 written to by (0, 81),(0, 40),(0, 17),(0, 8)
address 2537554668 written to by (0, 93),(0, 46),(0, 29),(0, 14)
address 2537602044 written to by (0, 93),(0, 92),(0, 91)
address 2537554188 written to by (0, 33),(0, 16)
address 2537561020 written to by (0, 110),(0, 102),(0, 94)
address 2537563132 written to by (0, 71),(0, 35),(0, 17),(0, 67),(0, 33),(0, 16),(0, 127),(0, 63),(0, 31),(0, 15)
address 2537555836 written to by (0, 119),(0, 59),(0, 29),(0, 14),(0, 87),(0, 43),(0, 21),(0, 10),(0, 111),(0, 55),(0, 27),(0, 13),(0, 6)
address 2537555012 written to by (0, 72),(0, 8)
address 2537586428 written to by (0, 126),(0, 124),(0, 122)
address 2537556732 written to by (0, 87),(0, 43),(0, 21),(0, 10),(0, 71),(0, 35),(0, 17),(0, 8),(0, 111),(0, 55),(0, 27),(0, 13),(0, 6)
address 2537555228 written to by (0, 81),(0, 40),(0, 99),(0, 49),(0, 24),(0, 35),(0, 17),(0, 8)
address 2537557980 written to by (0, 126),(0, 110),(0, 94)
address 2537556236 written to by (0, 112),(0, 80)
address 2537555220 written to by (0, 98),(0, 34)
address 2537608700 written to by (0, 106),(0, 105),(0, 104)
address 2537556460 written to by (0, 126),(0, 94)
address 2537555140 written to by (0, 88),(0, 24)
address 2537561404 written to by (0, 116),(0, 108),(0, 100)
address 2537555044 written to by (0, 76),(0, 12)
address 2537566588 written to by (0, 98),(0, 94),(0, 90)
address 2537555148 written to by (0, 76),(0, 89),(0, 44),(0, 25),(0, 12)
address 2537612796 written to by (0, 114),(0, 113),(0, 112)
address 2537561852 written to by (0, 123),(0, 61),(0, 30),(0, 115),(0, 57),(0, 28),(0, 107),(0, 53),(0, 26)
address 2537554916 written to by (0, 124),(0, 60)
address 2537554476 written to by (0, 69),(0, 34),(0, 5),(0, 2)
address 2537579516 written to by (0, 99),(0, 49),(0, 97),(0, 48),(0, 95),(0, 47)
address 2537554028 written to by (0, 13),(0, 6)
address 2537554804 written to by (0, 110),(0, 46)
address 2537557340 written to by (0, 106),(0, 90),(0, 74)
address 2537569404 written to by (0, 120),(0, 116),(0, 112)
address 2537554364 written to by (0, 55),(0, 27),(0, 13),(0, 6)
address 2537554204 written to by (0, 35),(0, 17),(0, 8)
address 2537559868 written to by (0, 92),(0, 84),(0, 76)
address 2537562620 written to by (0, 67),(0, 33),(0, 16),(0, 127),(0, 63),(0, 31),(0, 15),(0, 119),(0, 59),(0, 29),(0, 14)
address 2537577724 written to by (0, 92),(0, 90),(0, 88)
address 2537570684 written to by (0, 126),(0, 122)
address 2537584636 written to by (0, 119),(0, 59),(0, 117),(0, 58),(0, 115),(0, 57)
address 2537596924 written to by (0, 83),(0, 82),(0, 81)
address 2537555692 written to by (0, 110),(0, 78),(0, 93),(0, 46)
address 2537554612 written to by (0, 86),(0, 22)
address 2537554508 written to by (0, 73),(0, 36),(0, 9),(0, 4)
address 2537574396 written to by (0, 79),(0, 39),(0, 77),(0, 38),(0, 75),(0, 37)
address 2537557180 written to by (0, 101),(0, 50),(0, 85),(0, 42),(0, 69),(0, 34)
address 2537563388 written to by (0, 73),(0, 36),(0, 69),(0, 34),(0, 65),(0, 32)
address 2537554500 written to by (0, 72),(0, 8)
address 2537555364 written to by (0, 116),(0, 52)
address 2537554316 written to by (0, 49),(0, 24)
address 2537565692 written to by (0, 91),(0, 45),(0, 22),(0, 87),(0, 43),(0, 21),(0, 83),(0, 41),(0, 20)
address 2537559740 written to by (0, 90),(0, 82),(0, 74)
address 2537554852 written to by (0, 116),(0, 52)
address 2537554708 written to by (0, 98),(0, 34)
address 2537577980 written to by (0, 93),(0, 46),(0, 91),(0, 45),(0, 89),(0, 44)
address 2537556268 written to by (0, 114),(0, 82)
address 2537554076 written to by (0, 19),(0, 9),(0, 4)
address 2537554700 written to by (0, 97),(0, 48),(0, 33),(0, 16)
address 2537568380 written to by (0, 112),(0, 108),(0, 104)
address 2537556572 written to by (0, 82),(0, 66),(0, 101),(0, 50)
address 2537555436 written to by (0, 94),(0, 125),(0, 62),(0, 61),(0, 30)
address 2537606140 written to by (0, 101),(0, 100),(0, 99)
address 2537615356 written to by (0, 119),(0, 118),(0, 117)
address 2537555644 written to by (0, 107),(0, 53),(0, 26),(0, 75),(0, 37),(0, 18),(0, 87),(0, 43),(0, 21),(0, 10)
