2 2 2 2 2 2 .319033
2 2 2 2 2 2 .986642
2 2 2 2 2 2 .493977
2 2 2 2 2 4 .266145
2 2 2 2 2 4 .090733
2 2 2 2 2 4 .947764
2 2 2 2 2 8 .073749
2 2 2 2 2 8 .500707
2 2 2 2 2 8 .384142
2 2 2 2 4 2 .277082
2 2 2 2 4 2 .913817
2 2 2 2 4 2 .529747
2 2 2 2 4 4 .464446
2 2 2 2 4 4 .940980
2 2 2 2 4 4 .050084
2 2 2 2 4 8 .761514
2 2 2 2 4 8 .770205
2 2 2 2 4 8 .827817
2 2 2 2 8 2 .125365
2 2 2 2 8 2 .015868
2 2 2 2 8 2 .688455
2 2 2 2 8 4 .868247
2 2 2 2 8 4 .629543
2 2 2 2 8 4 .736225
2 2 2 2 8 8 .725412
2 2 2 2 8 8 .999458
2 2 2 2 8 8 .888572
2 2 2 4 2 2 .233195
2 2 2 4 2 2 .306322
2 2 2 4 2 2 .351015
2 2 2 4 2 4 .513274
2 2 2 4 2 4 .591114
2 2 2 4 2 4 .845982
2 2 2 4 2 8 .412081
2 2 2 4 2 8 .841511
2 2 2 4 2 8 .269317
2 2 2 4 4 2 .415395
2 2 2 4 4 2 .537304
2 2 2 4 4 2 .467917
2 2 2 4 4 4 .287212
2 2 2 4 4 4 .178328
2 2 2 4 4 4 .153720
2 2 2 4 4 8 .571655
2 2 2 4 4 8 .802406
2 2 2 4 4 8 .033054
2 2 2 4 8 2 .534450
2 2 2 4 8 2 .498480
2 2 2 4 8 2 .955361
2 2 2 4 8 4 .748293
2 2 2 4 8 4 .554584
2 2 2 4 8 4 .890737
2 2 2 4 8 8 .624849
2 2 2 4 8 8 .842040
2 2 2 4 8 8 .159768
2 2 2 8 2 2 .212752
2 2 2 8 2 2 .714710
2 2 2 8 2 2 .130427
2 2 2 8 2 4 .090990
2 2 2 8 2 4 .274588
2 2 2 8 2 4 .003000
2 2 2 8 2 8 .414293
2 2 2 8 2 8 .026876
2 2 2 8 2 8 .709820
2 2 2 8 4 2 .937897
2 2 2 8 4 2 .239911
2 2 2 8 4 2 .180896
2 2 2 8 4 4 .317540
2 2 2 8 4 4 .886991
2 2 2 8 4 4 .652059
2 2 2 8 4 8 .150335
2 2 2 8 4 8 .681346
2 2 2 8 4 8 .385815
2 2 2 8 8 2 .387725
2 2 2 8 8 2 .499741
2 2 2 8 8 2 .147533
2 2 2 8 8 4 .587187
2 2 2 8 8 4 .845576
2 2 2 8 8 4 .590109
2 2 2 8 8 8 .955409
2 2 2 8 8 8 .556146
2 2 2 8 8 8 .148152
2 2 4 2 2 2 .983305
2 2 4 2 2 2 .408767
2 2 4 2 2 2 .141820
2 2 4 2 2 4 .564899
2 2 4 2 2 4 .252126
2 2 4 2 2 4 .488515
2 2 4 2 2 8 .464031
2 2 4 2 2 8 .961095
2 2 4 2 2 8 .126031
2 2 4 2 4 2 .199757
2 2 4 2 4 2 .319250
2 2 4 2 4 2 .629269
2 2 4 2 4 4 .126712
2 2 4 2 4 4 .651254
2 2 4 2 4 4 .621634
2 2 4 2 4 8 .803073
2 2 4 2 4 8 .247842
2 2 4 2 4 8 .476432
2 2 4 2 8 2 .389314
2 2 4 2 8 2 .203250
2 2 4 2 8 2 .028375
2 2 4 2 8 4 .901673
2 2 4 2 8 4 .426497
2 2 4 2 8 4 .142021
2 2 4 2 8 8 .947487
2 2 4 2 8 8 .410313
2 2 4 2 8 8 .131189
2 2 4 4 2 2 .885648
2 2 4 4 2 2 .092174
2 2 4 4 2 2 .162199
2 2 4 4 2 4 .071064
2 2 4 4 2 4 .365339
2 2 4 4 2 4 .253057
2 2 4 4 2 8 .135109
2 2 4 4 2 8 .783153
2 2 4 4 2 8 .455307
2 2 4 4 4 2 .349524
2 2 4 4 4 2 .452300
2 2 4 4 4 2 .808945
2 2 4 4 4 4 .931674
2 2 4 4 4 4 .651646
2 2 4 4 4 4 .215248
2 2 4 4 4 8 .679592
2 2 4 4 4 8 .908922
2 2 4 4 4 8 .250126
2 2 4 4 8 2 .860860
2 2 4 4 8 2 .471262
2 2 4 4 8 2 .505956
2 2 4 4 8 4 .600394
2 2 4 4 8 4 .817562
2 2 4 4 8 4 .755844
2 2 4 4 8 8 .462245
2 2 4 4 8 8 .951367
2 2 4 4 8 8 .632739
2 2 4 8 2 2 .439330
2 2 4 8 2 2 .824697
2 2 4 8 2 2 .688981
2 2 4 8 2 4 .702207
2 2 4 8 2 4 .987145
2 2 4 8 2 4 .954415
2 2 4 8 2 8 .851270
2 2 4 8 2 8 .289316
2 2 4 8 2 8 .537426
2 2 4 8 4 2 .514435
2 2 4 8 4 2 .103434
2 2 4 8 4 2 .414028
2 2 4 8 4 4 .576717
2 2 4 8 4 4 .876566
2 2 4 8 4 4 .440039
2 2 4 8 4 8 .729748
2 2 4 8 4 8 .869264
2 2 4 8 4 8 .715642
2 2 4 8 8 2 .800720
2 2 4 8 8 2 .706535
2 2 4 8 8 2 .741716
2 2 4 8 8 4 .019092
2 2 4 8 8 4 .886031
2 2 4 8 8 4 .524987
2 2 4 8 8 8 .463323
2 2 4 8 8 8 .065194
2 2 4 8 8 8 .713422
2 2 8 2 2 2 .488943
2 2 8 2 2 2 .667679
2 2 8 2 2 2 .682049
2 2 8 2 2 4 .199555
2 2 8 2 2 4 .916634
2 2 8 2 2 4 .865883
2 2 8 2 2 8 .890019
2 2 8 2 2 8 .543948
2 2 8 2 2 8 .139195
2 2 8 2 4 2 .450347
2 2 8 2 4 2 .989362
2 2 8 2 4 2 .215532
2 2 8 2 4 4 .446023
2 2 8 2 4 4 .315732
2 2 8 2 4 4 .514659
2 2 8 2 4 8 .881504
2 2 8 2 4 8 .439726
2 2 8 2 4 8 .467532
2 2 8 2 8 2 .806650
2 2 8 2 8 2 .365158
2 2 8 2 8 2 .211519
2 2 8 2 8 4 .999117
2 2 8 2 8 4 .153604
2 2 8 2 8 4 .630488
2 2 8 2 8 8 .616350
2 2 8 2 8 8 .000595
2 2 8 2 8 8 .000879
2 2 8 4 2 2 .773352
2 2 8 4 2 2 .727335
2 2 8 4 2 2 .319178
2 2 8 4 2 4 .417724
2 2 8 4 2 4 .682494
2 2 8 4 2 4 .680562
2 2 8 4 2 8 .205262
2 2 8 4 2 8 .836420
2 2 8 4 2 8 .708921
2 2 8 4 4 2 .828708
2 2 8 4 4 2 .094549
2 2 8 4 4 2 .081738
2 2 8 4 4 4 .764005
2 2 8 4 4 4 .629572
2 2 8 4 4 4 .213852
2 2 8 4 4 8 .213547
2 2 8 4 4 8 .081061
2 2 8 4 4 8 .388823
2 2 8 4 8 2 .952160
2 2 8 4 8 2 .947545
2 2 8 4 8 2 .389854
2 2 8 4 8 4 .269215
2 2 8 4 8 4 .692169
2 2 8 4 8 4 .284035
2 2 8 4 8 8 .776866
2 2 8 4 8 8 .783865
2 2 8 4 8 8 .422460
2 2 8 8 2 2 .282156
2 2 8 8 2 2 .193967
2 2 8 8 2 2 .011316
2 2 8 8 2 4 .191824
2 2 8 8 2 4 .983236
2 2 8 8 2 4 .244054
2 2 8 8 2 8 .819726
2 2 8 8 2 8 .136455
2 2 8 8 2 8 .398144
2 2 8 8 4 2 .601010
2 2 8 8 4 2 .176880
2 2 8 8 4 2 .828355
2 2 8 8 4 4 .157731
2 2 8 8 4 4 .987937
2 2 8 8 4 4 .257169
2 2 8 8 4 8 .233599
2 2 8 8 4 8 .101637
2 2 8 8 4 8 .219411
2 2 8 8 8 2 .634717
2 2 8 8 8 2 .696007
2 2 8 8 8 2 .794770
2 2 8 8 8 4 .696243
2 2 8 8 8 4 .752940
2 2 8 8 8 4 .669521
2 2 8 8 8 8 .633430
2 2 8 8 8 8 .056441
2 2 8 8 8 8 .598217
2 4 2 2 2 2 .227008
2 4 2 2 2 2 .318778
2 4 2 2 2 2 .699834
2 4 2 2 2 4 .117437
2 4 2 2 2 4 .762571
2 4 2 2 2 4 .526123
2 4 2 2 2 8 .553911
2 4 2 2 2 8 .587989
2 4 2 2 2 8 .329666
2 4 2 2 4 2 .702989
2 4 2 2 4 2 .143045
2 4 2 2 4 2 .161688
2 4 2 2 4 4 .485325
2 4 2 2 4 4 .860226
2 4 2 2 4 4 .813266
2 4 2 2 4 8 .556836
2 4 2 2 4 8 .738997
2 4 2 2 4 8 .316007
2 4 2 2 8 2 .135332
2 4 2 2 8 2 .528548
2 4 2 2 8 2 .310739
2 4 2 2 8 4 .588119
2 4 2 2 8 4 .518084
2 4 2 2 8 4 .430848
2 4 2 2 8 8 .258843
2 4 2 2 8 8 .370226
2 4 2 2 8 8 .393018
2 4 2 4 2 2 .446866
2 4 2 4 2 2 .475896
2 4 2 4 2 2 .387831
2 4 2 4 2 4 .279293
2 4 2 4 2 4 .078263
2 4 2 4 2 4 .369742
2 4 2 4 2 8 .253922
2 4 2 4 2 8 .671784
2 4 2 4 2 8 .676237
2 4 2 4 4 2 .513936
2 4 2 4 4 2 .728608
2 4 2 4 4 2 .720768
2 4 2 4 4 4 .944753
2 4 2 4 4 4 .460697
2 4 2 4 4 4 .940163
2 4 2 4 4 8 .321560
2 4 2 4 4 8 .460434
2 4 2 4 4 8 .517145
2 4 2 4 8 2 .661355
2 4 2 4 8 2 .401833
2 4 2 4 8 2 .605640
2 4 2 4 8 4 .986503
2 4 2 4 8 4 .150394
2 4 2 4 8 4 .670098
2 4 2 4 8 8 .343818
2 4 2 4 8 8 .541710
2 4 2 4 8 8 .522808
2 4 2 8 2 2 .829239
2 4 2 8 2 2 .014951
2 4 2 8 2 2 .274210
2 4 2 8 2 4 .642979
2 4 2 8 2 4 .546137
2 4 2 8 2 4 .917848
2 4 2 8 2 8 .266613
2 4 2 8 2 8 .970087
2 4 2 8 2 8 .246733
2 4 2 8 4 2 .843975
2 4 2 8 4 2 .694024
2 4 2 8 4 2 .455752
2 4 2 8 4 4 .817101
2 4 2 8 4 4 .022084
2 4 2 8 4 4 .160749
2 4 2 8 4 8 .706950
2 4 2 8 4 8 .707826
2 4 2 8 4 8 .436638
2 4 2 8 8 2 .582421
2 4 2 8 8 2 .751710
2 4 2 8 8 2 .991533
2 4 2 8 8 4 .695679
2 4 2 8 8 4 .279512
2 4 2 8 8 4 .753863
2 4 2 8 8 8 .171179
2 4 2 8 8 8 .004254
2 4 2 8 8 8 .495691
2 4 4 2 2 2 .079917
2 4 4 2 2 2 .163081
2 4 4 2 2 2 .903301
2 4 4 2 2 4 .782992
2 4 4 2 2 4 .746679
2 4 4 2 2 4 .436426
2 4 4 2 2 8 .006342
2 4 4 2 2 8 .584787
2 4 4 2 2 8 .518478
2 4 4 2 4 2 .066850
2 4 4 2 4 2 .544023
2 4 4 2 4 2 .389731
2 4 4 2 4 4 .215826
2 4 4 2 4 4 .385769
2 4 4 2 4 4 .626861
2 4 4 2 4 8 .659053
2 4 4 2 4 8 .709320
2 4 4 2 4 8 .538661
2 4 4 2 8 2 .280289
2 4 4 2 8 2 .815932
2 4 4 2 8 2 .371910
2 4 4 2 8 4 .686102
2 4 4 2 8 4 .310169
2 4 4 2 8 4 .009348
2 4 4 2 8 8 .103797
2 4 4 2 8 8 .520960
2 4 4 2 8 8 .775880
2 4 4 4 2 2 .220685
2 4 4 4 2 2 .055279
2 4 4 4 2 2 .070635
2 4 4 4 2 4 .160274
2 4 4 4 2 4 .723764
2 4 4 4 2 4 .297022
2 4 4 4 2 8 .050603
2 4 4 4 2 8 .477804
2 4 4 4 2 8 .457162
2 4 4 4 4 2 .519988
2 4 4 4 4 2 .446490
2 4 4 4 4 2 .150312
2 4 4 4 4 4 .285942
2 4 4 4 4 4 .833682
2 4 4 4 4 4 .695637
2 4 4 4 4 8 .577776
2 4 4 4 4 8 .681164
2 4 4 4 4 8 .331175
2 4 4 4 8 2 .057475
2 4 4 4 8 2 .986883
2 4 4 4 8 2 .542393
2 4 4 4 8 4 .001657
2 4 4 4 8 4 .856193
2 4 4 4 8 4 .029355
2 4 4 4 8 8 .377550
2 4 4 4 8 8 .489652
2 4 4 4 8 8 .576173
2 4 4 8 2 2 .738959
2 4 4 8 2 2 .679332
2 4 4 8 2 2 .536267
2 4 4 8 2 4 .035588
2 4 4 8 2 4 .122507
2 4 4 8 2 4 .973356
2 4 4 8 2 8 .188276
2 4 4 8 2 8 .351319
2 4 4 8 2 8 .614125
2 4 4 8 4 2 .607611
2 4 4 8 4 2 .125933
2 4 4 8 4 2 .552862
2 4 4 8 4 4 .954028
2 4 4 8 4 4 .356925
2 4 4 8 4 4 .838102
2 4 4 8 4 8 .974252
2 4 4 8 4 8 .259014
2 4 4 8 4 8 .251528
2 4 4 8 8 2 .424336
2 4 4 8 8 2 .813048
2 4 4 8 8 2 .897914
2 4 4 8 8 4 .244586
2 4 4 8 8 4 .760617
2 4 4 8 8 4 .694856
2 4 4 8 8 8 .451851
2 4 4 8 8 8 .263620
2 4 4 8 8 8 .665503
2 4 8 2 2 2 .116571
2 4 8 2 2 2 .209562
2 4 8 2 2 2 .113676
2 4 8 2 2 4 .546975
2 4 8 2 2 4 .006079
2 4 8 2 2 4 .175974
2 4 8 2 2 8 .599359
2 4 8 2 2 8 .431908
2 4 8 2 2 8 .082507
2 4 8 2 4 2 .687414
2 4 8 2 4 2 .375310
2 4 8 2 4 2 .836207
2 4 8 2 4 4 .123637
2 4 8 2 4 4 .973346
2 4 8 2 4 4 .029635
2 4 8 2 4 8 .080353
2 4 8 2 4 8 .494245
2 4 8 2 4 8 .769437
2 4 8 2 8 2 .934030
2 4 8 2 8 2 .250155
2 4 8 2 8 2 .359658
2 4 8 2 8 4 .769114
2 4 8 2 8 4 .499955
2 4 8 2 8 4 .749252
2 4 8 2 8 8 .671903
2 4 8 2 8 8 .681666
2 4 8 2 8 8 .756770
2 4 8 4 2 2 .036368
2 4 8 4 2 2 .230572
2 4 8 4 2 2 .221667
2 4 8 4 2 4 .562602
2 4 8 4 2 4 .652622
2 4 8 4 2 4 .616610
2 4 8 4 2 8 .371466
2 4 8 4 2 8 .224801
2 4 8 4 2 8 .233691
2 4 8 4 4 2 .653012
2 4 8 4 4 2 .165928
2 4 8 4 4 2 .744104
2 4 8 4 4 4 .159758
2 4 8 4 4 4 .047639
2 4 8 4 4 4 .661994
2 4 8 4 4 8 .124945
2 4 8 4 4 8 .949157
2 4 8 4 4 8 .484180
2 4 8 4 8 2 .621046
2 4 8 4 8 2 .914025
2 4 8 4 8 2 .017945
2 4 8 4 8 4 .593546
2 4 8 4 8 4 .721872
2 4 8 4 8 4 .496582
2 4 8 4 8 8 .053694
2 4 8 4 8 8 .441633
2 4 8 4 8 8 .519175
2 4 8 8 2 2 .771944
2 4 8 8 2 2 .065356
2 4 8 8 2 2 .442790
2 4 8 8 2 4 .977180
2 4 8 8 2 4 .467741
2 4 8 8 2 4 .329056
2 4 8 8 2 8 .445930
2 4 8 8 2 8 .743274
2 4 8 8 2 8 .205341
2 4 8 8 4 2 .171379
2 4 8 8 4 2 .372520
2 4 8 8 4 2 .939725
2 4 8 8 4 4 .964851
2 4 8 8 4 4 .254957
2 4 8 8 4 4 .070335
2 4 8 8 4 8 .123849
2 4 8 8 4 8 .526338
2 4 8 8 4 8 .160083
2 4 8 8 8 2 .517707
2 4 8 8 8 2 .105185
2 4 8 8 8 2 .841576
2 4 8 8 8 4 .368562
2 4 8 8 8 4 .423890
2 4 8 8 8 4 .327228
2 4 8 8 8 8 .713547
2 4 8 8 8 8 .576776
2 4 8 8 8 8 .871884
2 8 2 2 2 2 .758246
2 8 2 2 2 2 .836598
2 8 2 2 2 2 .699791
2 8 2 2 2 4 .389060
2 8 2 2 2 4 .935242
2 8 2 2 2 4 .605603
2 8 2 2 2 8 .362084
2 8 2 2 2 8 .539505
2 8 2 2 2 8 .455072
2 8 2 2 4 2 .401692
2 8 2 2 4 2 .240440
2 8 2 2 4 2 .083086
2 8 2 2 4 4 .421579
2 8 2 2 4 4 .472380
2 8 2 2 4 4 .289766
2 8 2 2 4 8 .104969
2 8 2 2 4 8 .216386
2 8 2 2 4 8 .802019
2 8 2 2 8 2 .527439
2 8 2 2 8 2 .668820
2 8 2 2 8 2 .863643
2 8 2 2 8 4 .243750
2 8 2 2 8 4 .711564
2 8 2 2 8 4 .263663
2 8 2 2 8 8 .382822
2 8 2 2 8 8 .081006
2 8 2 2 8 8 .459763
2 8 2 4 2 2 .232867
2 8 2 4 2 2 .795353
2 8 2 4 2 2 .491343
2 8 2 4 2 4 .003229
2 8 2 4 2 4 .266119
2 8 2 4 2 4 .664689
2 8 2 4 2 8 .425191
2 8 2 4 2 8 .186825
2 8 2 4 2 8 .963476
2 8 2 4 4 2 .134039
2 8 2 4 4 2 .795856
2 8 2 4 4 2 .946045
2 8 2 4 4 4 .171155
2 8 2 4 4 4 .606001
2 8 2 4 4 4 .063804
2 8 2 4 4 8 .347492
2 8 2 4 4 8 .292468
2 8 2 4 4 8 .509658
2 8 2 4 8 2 .825837
2 8 2 4 8 2 .834338
2 8 2 4 8 2 .726443
2 8 2 4 8 4 .329434
2 8 2 4 8 4 .802084
2 8 2 4 8 4 .631763
2 8 2 4 8 8 .045341
2 8 2 4 8 8 .041420
2 8 2 4 8 8 .153315
2 8 2 8 2 2 .767065
2 8 2 8 2 2 .061731
2 8 2 8 2 2 .519303
2 8 2 8 2 4 .929150
2 8 2 8 2 4 .220516
2 8 2 8 2 4 .204563
2 8 2 8 2 8 .088993
2 8 2 8 2 8 .699691
2 8 2 8 2 8 .706461
2 8 2 8 4 2 .494631
2 8 2 8 4 2 .261779
2 8 2 8 4 2 .711571
2 8 2 8 4 4 .378366
2 8 2 8 4 4 .200645
2 8 2 8 4 4 .232608
2 8 2 8 4 8 .436096
2 8 2 8 4 8 .469498
2 8 2 8 4 8 .861187
2 8 2 8 8 2 .977238
2 8 2 8 8 2 .444519
2 8 2 8 8 2 .034243
2 8 2 8 8 4 .523772
2 8 2 8 8 4 .031639
2 8 2 8 8 4 .753174
2 8 2 8 8 8 .591588
2 8 2 8 8 8 .822891
2 8 2 8 8 8 .329579
2 8 4 2 2 2 .232078
2 8 4 2 2 2 .536528
2 8 4 2 2 2 .430618
2 8 4 2 2 4 .403581
2 8 4 2 2 4 .987325
2 8 4 2 2 4 .966910
2 8 4 2 2 8 .850531
2 8 4 2 2 8 .867514
2 8 4 2 2 8 .311605
2 8 4 2 4 2 .148390
2 8 4 2 4 2 .997599
2 8 4 2 4 2 .639523
2 8 4 2 4 4 .468075
2 8 4 2 4 4 .931915
2 8 4 2 4 4 .690773
2 8 4 2 4 8 .815407
2 8 4 2 4 8 .541535
2 8 4 2 4 8 .572807
2 8 4 2 8 2 .159216
2 8 4 2 8 2 .945250
2 8 4 2 8 2 .821334
2 8 4 2 8 4 .155414
2 8 4 2 8 4 .041075
2 8 4 2 8 4 .343613
2 8 4 2 8 8 .110019
2 8 4 2 8 8 .096538
2 8 4 2 8 8 .518773
2 8 4 4 2 2 .022405
2 8 4 4 2 2 .561484
2 8 4 4 2 2 .856876
2 8 4 4 2 4 .516908
2 8 4 4 2 4 .674525
2 8 4 4 2 4 .737175
2 8 4 4 2 8 .698460
2 8 4 4 2 8 .022800
2 8 4 4 2 8 .191984
2 8 4 4 4 2 .670991
2 8 4 4 4 2 .345872
2 8 4 4 4 2 .066290
2 8 4 4 4 4 .140710
2 8 4 4 4 4 .921117
2 8 4 4 4 4 .221656
2 8 4 4 4 8 .380115
2 8 4 4 4 8 .586016
2 8 4 4 4 8 .167313
2 8 4 4 8 2 .026340
2 8 4 4 8 2 .691126
2 8 4 4 8 2 .762344
2 8 4 4 8 4 .713695
2 8 4 4 8 4 .077324
2 8 4 4 8 4 .589809
2 8 4 4 8 8 .925503
2 8 4 4 8 8 .929698
2 8 4 4 8 8 .430446
2 8 4 8 2 2 .505970
2 8 4 8 2 2 .831256
2 8 4 8 2 2 .919236
2 8 4 8 2 4 .601638
2 8 4 8 2 4 .723836
2 8 4 8 2 4 .519337
2 8 4 8 2 8 .490817
2 8 4 8 2 8 .161419
2 8 4 8 2 8 .976116
2 8 4 8 4 2 .574360
2 8 4 8 4 2 .273251
2 8 4 8 4 2 .531427
2 8 4 8 4 4 .698558
2 8 4 8 4 4 .667049
2 8 4 8 4 4 .097433
2 8 4 8 4 8 .548736
2 8 4 8 4 8 .610738
2 8 4 8 4 8 .667965
2 8 4 8 8 2 .495125
2 8 4 8 8 2 .571583
2 8 4 8 8 2 .588888
2 8 4 8 8 4 .441313
2 8 4 8 8 4 .151217
2 8 4 8 8 4 .502275
2 8 4 8 8 8 .731364
2 8 4 8 8 8 .031657
2 8 4 8 8 8 .051617
2 8 8 2 2 2 .522063
2 8 8 2 2 2 .320642
2 8 8 2 2 2 .035060
2 8 8 2 2 4 .245142
2 8 8 2 2 4 .107181
2 8 8 2 2 4 .382969
2 8 8 2 2 8 .551829
2 8 8 2 2 8 .597169
2 8 8 2 2 8 .611111
2 8 8 2 4 2 .935251
2 8 8 2 4 2 .772030
2 8 8 2 4 2 .513148
2 8 8 2 4 4 .486681
2 8 8 2 4 4 .650128
2 8 8 2 4 4 .696996
2 8 8 2 4 8 .407538
2 8 8 2 4 8 .486850
2 8 8 2 4 8 .479783
2 8 8 2 8 2 .710450
2 8 8 2 8 2 .534199
2 8 8 2 8 2 .276647
2 8 8 2 8 4 .605538
2 8 8 2 8 4 .280104
2 8 8 2 8 4 .703369
2 8 8 2 8 8 .530490
2 8 8 2 8 8 .938254
2 8 8 2 8 8 .235403
2 8 8 4 2 2 .413494
2 8 8 4 2 2 .597476
2 8 8 4 2 2 .783002
2 8 8 4 2 4 .920252
2 8 8 4 2 4 .681491
2 8 8 4 2 4 .821177
2 8 8 4 2 8 .527413
2 8 8 4 2 8 .230270
2 8 8 4 2 8 .143684
2 8 8 4 4 2 .899521
2 8 8 4 4 2 .251422
2 8 8 4 4 2 .651515
2 8 8 4 4 4 .004816
2 8 8 4 4 4 .935936
2 8 8 4 4 4 .275353
2 8 8 4 4 8 .858766
2 8 8 4 4 8 .278929
2 8 8 4 4 8 .952431
2 8 8 4 8 2 .506820
2 8 8 4 8 2 .122950
2 8 8 4 8 2 .416475
2 8 8 4 8 4 .702471
2 8 8 4 8 4 .436491
2 8 8 4 8 4 .107739
2 8 8 4 8 8 .766175
2 8 8 4 8 8 .099866
2 8 8 4 8 8 .441265
2 8 8 8 2 2 .344576
2 8 8 8 2 2 .297064
2 8 8 8 2 2 .757621
2 8 8 8 2 4 .338510
2 8 8 8 2 4 .330758
2 8 8 8 2 4 .055606
2 8 8 8 2 8 .573183
2 8 8 8 2 8 .485286
2 8 8 8 2 8 .202482
2 8 8 8 4 2 .114475
2 8 8 8 4 2 .974348
2 8 8 8 4 2 .864609
2 8 8 8 4 4 .491841
2 8 8 8 4 4 .367395
2 8 8 8 4 4 .804912
2 8 8 8 4 8 .162204
2 8 8 8 4 8 .159580
2 8 8 8 4 8 .057723
2 8 8 8 8 2 .149251
2 8 8 8 8 2 .468101
2 8 8 8 8 2 .380608
2 8 8 8 8 4 .883705
2 8 8 8 8 4 .424134
2 8 8 8 8 4 .412248
2 8 8 8 8 8 .651295
2 8 8 8 8 8 .308327
2 8 8 8 8 8 .060142
4 2 2 2 2 2 .814416
4 2 2 2 2 2 .897657
4 2 2 2 2 2 .919492
4 2 2 2 2 4 .901218
4 2 2 2 2 4 .770046
4 2 2 2 2 4 .170796
4 2 2 2 2 8 .572442
4 2 2 2 2 8 .031404
4 2 2 2 2 8 .803268
4 2 2 2 4 2 .522215
4 2 2 2 4 2 .861622
4 2 2 2 4 2 .277198
4 2 2 2 4 4 .869494
4 2 2 2 4 4 .586862
4 2 2 2 4 4 .389172
4 2 2 2 4 8 .811895
4 2 2 2 4 8 .525670
4 2 2 2 4 8 .939871
4 2 2 2 8 2 .420038
4 2 2 2 8 2 .579863
4 2 2 2 8 2 .749145
4 2 2 2 8 4 .880784
4 2 2 2 8 4 .338085
4 2 2 2 8 4 .189549
4 2 2 2 8 8 .743126
4 2 2 2 8 8 .718919
4 2 2 2 8 8 .879162
4 2 2 4 2 2 .072869
4 2 2 4 2 2 .710114
4 2 2 4 2 2 .879060
4 2 2 4 2 4 .359379
4 2 2 4 2 4 .089853
4 2 2 4 2 4 .161029
4 2 2 4 2 8 .416796
4 2 2 4 2 8 .096429
4 2 2 4 2 8 .674693
4 2 2 4 4 2 .562612
4 2 2 4 4 2 .813047
4 2 2 4 4 2 .878192
4 2 2 4 4 4 .769360
4 2 2 4 4 4 .635205
4 2 2 4 4 4 .896524
4 2 2 4 4 8 .878413
4 2 2 4 4 8 .486471
4 2 2 4 4 8 .113071
4 2 2 4 8 2 .377485
4 2 2 4 8 2 .382620
4 2 2 4 8 2 .687578
4 2 2 4 8 4 .121740
4 2 2 4 8 4 .076822
4 2 2 4 8 4 .143302
4 2 2 4 8 8 .477641
4 2 2 4 8 8 .708588
4 2 2 4 8 8 .238019
4 2 2 8 2 2 .390967
4 2 2 8 2 2 .975881
4 2 2 8 2 2 .628767
4 2 2 8 2 4 .681199
4 2 2 8 2 4 .908691
4 2 2 8 2 4 .362400
4 2 2 8 2 8 .859213
4 2 2 8 2 8 .794278
4 2 2 8 2 8 .428873
4 2 2 8 4 2 .073511
4 2 2 8 4 2 .498631
4 2 2 8 4 2 .483873
4 2 2 8 4 4 .450735
4 2 2 8 4 4 .499657
4 2 2 8 4 4 .740759
4 2 2 8 4 8 .932843
4 2 2 8 4 8 .300122
4 2 2 8 4 8 .146196
4 2 2 8 8 2 .110018
4 2 2 8 8 2 .080322
4 2 2 8 8 2 .972476
4 2 2 8 8 4 .408177
4 2 2 8 8 4 .238410
4 2 2 8 8 4 .963160
4 2 2 8 8 8 .833474
4 2 2 8 8 8 .198080
4 2 2 8 8 8 .129482
4 2 4 2 2 2 .196307
4 2 4 2 2 2 .339119
4 2 4 2 2 2 .575679
4 2 4 2 2 4 .440268
4 2 4 2 2 4 .585675
4 2 4 2 2 4 .432877
4 2 4 2 2 8 .368203
4 2 4 2 2 8 .382317
4 2 4 2 2 8 .600133
4 2 4 2 4 2 .429473
4 2 4 2 4 2 .148787
4 2 4 2 4 2 .670197
4 2 4 2 4 4 .995401
4 2 4 2 4 4 .698066
4 2 4 2 4 4 .402740
4 2 4 2 4 8 .849278
4 2 4 2 4 8 .819527
4 2 4 2 4 8 .793382
4 2 4 2 8 2 .374249
4 2 4 2 8 2 .009608
4 2 4 2 8 2 .479779
4 2 4 2 8 4 .639058
4 2 4 2 8 4 .646495
4 2 4 2 8 4 .644898
4 2 4 2 8 8 .799035
4 2 4 2 8 8 .377364
4 2 4 2 8 8 .357672
4 2 4 4 2 2 .389500
4 2 4 4 2 2 .334307
4 2 4 4 2 2 .693589
4 2 4 4 2 4 .144897
4 2 4 4 2 4 .291525
4 2 4 4 2 4 .666856
4 2 4 4 2 8 .854365
4 2 4 4 2 8 .314699
4 2 4 4 2 8 .144142
4 2 4 4 4 2 .602249
4 2 4 4 4 2 .005588
4 2 4 4 4 2 .920830
4 2 4 4 4 4 .381955
4 2 4 4 4 4 .516531
4 2 4 4 4 4 .344456
4 2 4 4 4 8 .264133
4 2 4 4 4 8 .291000
4 2 4 4 4 8 .833648
4 2 4 4 8 2 .124391
4 2 4 4 8 2 .634619
4 2 4 4 8 2 .048697
4 2 4 4 8 4 .458046
4 2 4 4 8 4 .376817
4 2 4 4 8 4 .155873
4 2 4 4 8 8 .755856
4 2 4 4 8 8 .665973
4 2 4 4 8 8 .011531
4 2 4 8 2 2 .794881
4 2 4 8 2 2 .560914
4 2 4 8 2 2 .288654
4 2 4 8 2 4 .415560
4 2 4 8 2 4 .320611
4 2 4 8 2 4 .514590
4 2 4 8 2 8 .719155
4 2 4 8 2 8 .842044
4 2 4 8 2 8 .231895
4 2 4 8 4 2 .465007
4 2 4 8 4 2 .373359
4 2 4 8 4 2 .050043
4 2 4 8 4 4 .073850
4 2 4 8 4 4 .202449
4 2 4 8 4 4 .566183
4 2 4 8 4 8 .831524
4 2 4 8 4 8 .422552
4 2 4 8 4 8 .839549
4 2 4 8 8 2 .293043
4 2 4 8 8 2 .181196
4 2 4 8 8 2 .357526
4 2 4 8 8 4 .934110
4 2 4 8 8 4 .589419
4 2 4 8 8 4 .369040
4 2 4 8 8 8 .463059
4 2 4 8 8 8 .627830
4 2 4 8 8 8 .944452
4 2 8 2 2 2 .405786
4 2 8 2 2 2 .050482
4 2 8 2 2 2 .444850
4 2 8 2 2 4 .595927
4 2 8 2 2 4 .748311
4 2 8 2 2 4 .864172
4 2 8 2 2 8 .131023
4 2 8 2 2 8 .104579
4 2 8 2 2 8 .665308
4 2 8 2 4 2 .833378
4 2 8 2 4 2 .581285
4 2 8 2 4 2 .658594
4 2 8 2 4 4 .982032
4 2 8 2 4 4 .018916
4 2 8 2 4 4 .921473
4 2 8 2 4 8 .194679
4 2 8 2 4 8 .967723
4 2 8 2 4 8 .523072
4 2 8 2 8 2 .278796
4 2 8 2 8 2 .719795
4 2 8 2 8 2 .590459
4 2 8 2 8 4 .837082
4 2 8 2 8 4 .834691
4 2 8 2 8 4 .659888
4 2 8 2 8 8 .730448
4 2 8 2 8 8 .643027
4 2 8 2 8 8 .349529
4 2 8 4 2 2 .534876
4 2 8 4 2 2 .664147
4 2 8 4 2 2 .323429
4 2 8 4 2 4 .869188
4 2 8 4 2 4 .442370
4 2 8 4 2 4 .917967
4 2 8 4 2 8 .276668
4 2 8 4 2 8 .951753
4 2 8 4 2 8 .117238
4 2 8 4 4 2 .416007
4 2 8 4 4 2 .836375
4 2 8 4 4 2 .962535
4 2 8 4 4 4 .332928
4 2 8 4 4 4 .526182
4 2 8 4 4 4 .535956
4 2 8 4 4 8 .818107
4 2 8 4 4 8 .929890
4 2 8 4 4 8 .662893
4 2 8 4 8 2 .243228
4 2 8 4 8 2 .941429
4 2 8 4 8 2 .596723
4 2 8 4 8 4 .126034
4 2 8 4 8 4 .246974
4 2 8 4 8 4 .886726
4 2 8 4 8 8 .196178
4 2 8 4 8 8 .162958
4 2 8 4 8 8 .835997
4 2 8 8 2 2 .602405
4 2 8 8 2 2 .623243
4 2 8 8 2 2 .838679
4 2 8 8 2 4 .671648
4 2 8 8 2 4 .391555
4 2 8 8 2 4 .871284
4 2 8 8 2 8 .667348
4 2 8 8 2 8 .115607
4 2 8 8 2 8 .000040
4 2 8 8 4 2 .676065
4 2 8 8 4 2 .628753
4 2 8 8 4 2 .454547
4 2 8 8 4 4 .574346
4 2 8 8 4 4 .032269
4 2 8 8 4 4 .351393
4 2 8 8 4 8 .855082
4 2 8 8 4 8 .370837
4 2 8 8 4 8 .661425
4 2 8 8 8 2 .576430
4 2 8 8 8 2 .059960
4 2 8 8 8 2 .744468
4 2 8 8 8 4 .279493
4 2 8 8 8 4 .442624
4 2 8 8 8 4 .176420
4 2 8 8 8 8 .091801
4 2 8 8 8 8 .897245
4 2 8 8 8 8 .992419
4 4 2 2 2 2 .594159
4 4 2 2 2 2 .033004
4 4 2 2 2 2 .690932
4 4 2 2 2 4 .487212
4 4 2 2 2 4 .569340
4 4 2 2 2 4 .895724
4 4 2 2 2 8 .434503
4 4 2 2 2 8 .688594
4 4 2 2 2 8 .203158
4 4 2 2 4 2 .481720
4 4 2 2 4 2 .272443
4 4 2 2 4 2 .947120
4 4 2 2 4 4 .244300
4 4 2 2 4 4 .953262
4 4 2 2 4 4 .476952
4 4 2 2 4 8 .127088
4 4 2 2 4 8 .961436
4 4 2 2 4 8 .857156
4 4 2 2 8 2 .217410
4 4 2 2 8 2 .007008
4 4 2 2 8 2 .782475
4 4 2 2 8 4 .050393
4 4 2 2 8 4 .960055
4 4 2 2 8 4 .641374
4 4 2 2 8 8 .573400
4 4 2 2 8 8 .137093
4 4 2 2 8 8 .129043
4 4 2 4 2 2 .824627
4 4 2 4 2 2 .501854
4 4 2 4 2 2 .655888
4 4 2 4 2 4 .505059
4 4 2 4 2 4 .526454
4 4 2 4 2 4 .118397
4 4 2 4 2 8 .903056
4 4 2 4 2 8 .668904
4 4 2 4 2 8 .277586
4 4 2 4 4 2 .386707
4 4 2 4 4 2 .391493
4 4 2 4 4 2 .831097
4 4 2 4 4 4 .243001
4 4 2 4 4 4 .123444
4 4 2 4 4 4 .728307
4 4 2 4 4 8 .648075
4 4 2 4 4 8 .201217
4 4 2 4 4 8 .848695
4 4 2 4 8 2 .022556
4 4 2 4 8 2 .105562
4 4 2 4 8 2 .187979
4 4 2 4 8 4 .360967
4 4 2 4 8 4 .779658
4 4 2 4 8 4 .719204
4 4 2 4 8 8 .666364
4 4 2 4 8 8 .580969
4 4 2 4 8 8 .351173
4 4 2 8 2 2 .157154
4 4 2 8 2 2 .292091
4 4 2 8 2 2 .169110
4 4 2 8 2 4 .223697
4 4 2 8 2 4 .671351
4 4 2 8 2 4 .404765
4 4 2 8 2 8 .886510
4 4 2 8 2 8 .579362
4 4 2 8 2 8 .341848
4 4 2 8 4 2 .437240
4 4 2 8 4 2 .699639
4 4 2 8 4 2 .834283
4 4 2 8 4 4 .791982
4 4 2 8 4 4 .849068
4 4 2 8 4 4 .282220
4 4 2 8 4 8 .264662
4 4 2 8 4 8 .169961
4 4 2 8 4 8 .533532
4 4 2 8 8 2 .073184
4 4 2 8 8 2 .998736
4 4 2 8 8 2 .750171
4 4 2 8 8 4 .122221
4 4 2 8 8 4 .164600
4 4 2 8 8 4 .425107
4 4 2 8 8 8 .773202
4 4 2 8 8 8 .213568
4 4 2 8 8 8 .433928
4 4 4 2 2 2 .033077
4 4 4 2 2 2 .929321
4 4 4 2 2 2 .106043
4 4 4 2 2 4 .266287
4 4 4 2 2 4 .482049
4 4 4 2 2 4 .792780
4 4 4 2 2 8 .257524
4 4 4 2 2 8 .213916
4 4 4 2 2 8 .282464
4 4 4 2 4 2 .380628
4 4 4 2 4 2 .208123
4 4 4 2 4 2 .928528
4 4 4 2 4 4 .764064
4 4 4 2 4 4 .616563
4 4 4 2 4 4 .575853
4 4 4 2 4 8 .356334
4 4 4 2 4 8 .907848
4 4 4 2 4 8 .197901
4 4 4 2 8 2 .114107
4 4 4 2 8 2 .791140
4 4 4 2 8 2 .698163
4 4 4 2 8 4 .018251
4 4 4 2 8 4 .747969
4 4 4 2 8 4 .114529
4 4 4 2 8 8 .894964
4 4 4 2 8 8 .654629
4 4 4 2 8 8 .345891
4 4 4 4 2 2 .382413
4 4 4 4 2 2 .215049
4 4 4 4 2 2 .331292
4 4 4 4 2 4 .017785
4 4 4 4 2 4 .914368
4 4 4 4 2 4 .785470
4 4 4 4 2 8 .393451
4 4 4 4 2 8 .729983
4 4 4 4 2 8 .831551
4 4 4 4 4 2 .877797
4 4 4 4 4 2 .129609
4 4 4 4 4 2 .343425
4 4 4 4 4 4 .942070
4 4 4 4 4 4 .362191
4 4 4 4 4 4 .352060
4 4 4 4 4 8 .080655
4 4 4 4 4 8 .571891
4 4 4 4 4 8 .776393
4 4 4 4 8 2 .844201
4 4 4 4 8 2 .493295
4 4 4 4 8 2 .817317
4 4 4 4 8 4 .642734
4 4 4 4 8 4 .435375
4 4 4 4 8 4 .352314
4 4 4 4 8 8 .349157
4 4 4 4 8 8 .281545
4 4 4 4 8 8 .919119
4 4 4 8 2 2 .626152
4 4 4 8 2 2 .744580
4 4 4 8 2 2 .157540
4 4 4 8 2 4 .776418
4 4 4 8 2 4 .251955
4 4 4 8 2 4 .612058
4 4 4 8 2 8 .854603
4 4 4 8 2 8 .314608
4 4 4 8 2 8 .608444
4 4 4 8 4 2 .125922
4 4 4 8 4 2 .373662
4 4 4 8 4 2 .133293
4 4 4 8 4 4 .261863
4 4 4 8 4 4 .126031
4 4 4 8 4 4 .202817
4 4 4 8 4 8 .750525
4 4 4 8 4 8 .070950
4 4 4 8 4 8 .458914
4 4 4 8 8 2 .963244
4 4 4 8 8 2 .234676
4 4 4 8 8 2 .197518
4 4 4 8 8 4 .683946
4 4 4 8 8 4 .081326
4 4 4 8 8 4 .854236
4 4 4 8 8 8 .152563
4 4 4 8 8 8 .120177
4 4 4 8 8 8 .809124
4 4 8 2 2 2 .944193
4 4 8 2 2 2 .045520
4 4 8 2 2 2 .060262
4 4 8 2 2 4 .829722
4 4 8 2 2 4 .141179
4 4 8 2 2 4 .801168
4 4 8 2 2 8 .227489
4 4 8 2 2 8 .399215
4 4 8 2 2 8 .599194
4 4 8 2 4 2 .655206
4 4 8 2 4 2 .053727
4 4 8 2 4 2 .986364
4 4 8 2 4 4 .812305
4 4 8 2 4 4 .413580
4 4 8 2 4 4 .031838
4 4 8 2 4 8 .108049
4 4 8 2 4 8 .974467
4 4 8 2 4 8 .867119
4 4 8 2 8 2 .671080
4 4 8 2 8 2 .834369
4 4 8 2 8 2 .238217
4 4 8 2 8 4 .716939
4 4 8 2 8 4 .589708
4 4 8 2 8 4 .222540
4 4 8 2 8 8 .227762
4 4 8 2 8 8 .001574
4 4 8 2 8 8 .447814
4 4 8 4 2 2 .409766
4 4 8 4 2 2 .933005
4 4 8 4 2 2 .022462
4 4 8 4 2 4 .513499
4 4 8 4 2 4 .376501
4 4 8 4 2 4 .859511
4 4 8 4 2 8 .793872
4 4 8 4 2 8 .609468
4 4 8 4 2 8 .331804
4 4 8 4 4 2 .624005
4 4 8 4 4 2 .653873
4 4 8 4 4 2 .644390
4 4 8 4 4 4 .259120
4 4 8 4 4 4 .026000
4 4 8 4 4 4 .987042
4 4 8 4 4 8 .207749
4 4 8 4 4 8 .642325
4 4 8 4 4 8 .560325
4 4 8 4 8 2 .376933
4 4 8 4 8 2 .120691
4 4 8 4 8 2 .449107
4 4 8 4 8 4 .137716
4 4 8 4 8 4 .585800
4 4 8 4 8 4 .542600
4 4 8 4 8 8 .483601
4 4 8 4 8 8 .886600
4 4 8 4 8 8 .081595
4 4 8 8 2 2 .362593
4 4 8 8 2 2 .100809
4 4 8 8 2 2 .299211
4 4 8 8 2 4 .841668
4 4 8 8 2 4 .913002
4 4 8 8 2 4 .827927
4 4 8 8 2 8 .970299
4 4 8 8 2 8 .813280
4 4 8 8 2 8 .797872
4 4 8 8 4 2 .839796
4 4 8 8 4 2 .448720
4 4 8 8 4 2 .642095
4 4 8 8 4 4 .693926
4 4 8 8 4 4 .815759
4 4 8 8 4 4 .468209
4 4 8 8 4 8 .193634
4 4 8 8 4 8 .401555
4 4 8 8 4 8 .930652
4 4 8 8 8 2 .467209
4 4 8 8 8 2 .378445
4 4 8 8 8 2 .517596
4 4 8 8 8 4 .227756
4 4 8 8 8 4 .899267
4 4 8 8 8 4 .985847
4 4 8 8 8 8 .136994
4 4 8 8 8 8 .458481
4 4 8 8 8 8 .689134
4 8 2 2 2 2 .279015
4 8 2 2 2 2 .409278
4 8 2 2 2 2 .739932
4 8 2 2 2 4 .031255
4 8 2 2 2 4 .303932
4 8 2 2 2 4 .192647
4 8 2 2 2 8 .813189
4 8 2 2 2 8 .274869
4 8 2 2 2 8 .717761
4 8 2 2 4 2 .408626
4 8 2 2 4 2 .785073
4 8 2 2 4 2 .722293
4 8 2 2 4 4 .577059
4 8 2 2 4 4 .632939
4 8 2 2 4 4 .798596
4 8 2 2 4 8 .000275
4 8 2 2 4 8 .627795
4 8 2 2 4 8 .346431
4 8 2 2 8 2 .471857
4 8 2 2 8 2 .492207
4 8 2 2 8 2 .529620
4 8 2 2 8 4 .318549
4 8 2 2 8 4 .857925
4 8 2 2 8 4 .138002
4 8 2 2 8 8 .399142
4 8 2 2 8 8 .386913
4 8 2 2 8 8 .846436
4 8 2 4 2 2 .056135
4 8 2 4 2 2 .456879
4 8 2 4 2 2 .765532
4 8 2 4 2 4 .292495
4 8 2 4 2 4 .961921
4 8 2 4 2 4 .000000
4 8 2 4 2 8 .999092
4 8 2 4 2 8 .741617
4 8 2 4 2 8 .349783
4 8 2 4 4 2 .796585
4 8 2 4 4 2 .199000
4 8 2 4 4 2 .600734
4 8 2 4 4 4 .542825
4 8 2 4 4 4 .251693
4 8 2 4 4 4 .201617
4 8 2 4 4 8 .575624
4 8 2 4 4 8 .513759
4 8 2 4 4 8 .747701
4 8 2 4 8 2 .608020
4 8 2 4 8 2 .989635
4 8 2 4 8 2 .798450
4 8 2 4 8 4 .554778
4 8 2 4 8 4 .146671
4 8 2 4 8 4 .107010
4 8 2 4 8 8 .523785
4 8 2 4 8 8 .246300
4 8 2 4 8 8 .571627
4 8 2 8 2 2 .334365
4 8 2 8 2 2 .678709
4 8 2 8 2 2 .069367
4 8 2 8 2 4 .844641
4 8 2 8 2 4 .876262
4 8 2 8 2 4 .332073
4 8 2 8 2 8 .145400
4 8 2 8 2 8 .744075
4 8 2 8 2 8 .661891
4 8 2 8 4 2 .402784
4 8 2 8 4 2 .585027
4 8 2 8 4 2 .555453
4 8 2 8 4 4 .494116
4 8 2 8 4 4 .614501
4 8 2 8 4 4 .924830
4 8 2 8 4 8 .613926
4 8 2 8 4 8 .256384
4 8 2 8 4 8 .039663
4 8 2 8 8 2 .620714
4 8 2 8 8 2 .343489
4 8 2 8 8 2 .024167
4 8 2 8 8 4 .171394
4 8 2 8 8 4 .610723
4 8 2 8 8 4 .423845
4 8 2 8 8 8 .568438
4 8 2 8 8 8 .730373
4 8 2 8 8 8 .373973
4 8 4 2 2 2 .365644
4 8 4 2 2 2 .376277
4 8 4 2 2 2 .086606
4 8 4 2 2 4 .583115
4 8 4 2 2 4 .418166
4 8 4 2 2 4 .110807
4 8 4 2 2 8 .325262
4 8 4 2 2 8 .685165
4 8 4 2 2 8 .563984
4 8 4 2 4 2 .871871
4 8 4 2 4 2 .531860
4 8 4 2 4 2 .974538
4 8 4 2 4 4 .060241
4 8 4 2 4 4 .475344
4 8 4 2 4 4 .110132
4 8 4 2 4 8 .992179
4 8 4 2 4 8 .549515
4 8 4 2 4 8 .698705
4 8 4 2 8 2 .127237
4 8 4 2 8 2 .474984
4 8 4 2 8 2 .059347
4 8 4 2 8 4 .445107
4 8 4 2 8 4 .917977
4 8 4 2 8 4 .439511
4 8 4 2 8 8 .858511
4 8 4 2 8 8 .997177
4 8 4 2 8 8 .549302
4 8 4 4 2 2 .124284
4 8 4 4 2 2 .846325
4 8 4 4 2 2 .190258
4 8 4 4 2 4 .664346
4 8 4 4 2 4 .656273
4 8 4 4 2 4 .973193
4 8 4 4 2 8 .457616
4 8 4 4 2 8 .159347
4 8 4 4 2 8 .139185
4 8 4 4 4 2 .283333
4 8 4 4 4 2 .972964
4 8 4 4 4 2 .597956
4 8 4 4 4 4 .852208
4 8 4 4 4 4 .062886
4 8 4 4 4 4 .925623
4 8 4 4 4 8 .949394
4 8 4 4 4 8 .466668
4 8 4 4 4 8 .282231
4 8 4 4 8 2 .460251
4 8 4 4 8 2 .430824
4 8 4 4 8 2 .866139
4 8 4 4 8 4 .198631
4 8 4 4 8 4 .384766
4 8 4 4 8 4 .759196
4 8 4 4 8 8 .814225
4 8 4 4 8 8 .672739
4 8 4 4 8 8 .721585
4 8 4 8 2 2 .683365
4 8 4 8 2 2 .313986
4 8 4 8 2 2 .168483
4 8 4 8 2 4 .688042
4 8 4 8 2 4 .920936
4 8 4 8 2 4 .165764
4 8 4 8 2 8 .003818
4 8 4 8 2 8 .176306
4 8 4 8 2 8 .178152
4 8 4 8 4 2 .198052
4 8 4 8 4 2 .668274
4 8 4 8 4 2 .674452
4 8 4 8 4 4 .517482
4 8 4 8 4 4 .323405
4 8 4 8 4 4 .466967
4 8 4 8 4 8 .320824
4 8 4 8 4 8 .093644
4 8 4 8 4 8 .870438
4 8 4 8 8 2 .445121
4 8 4 8 8 2 .147775
4 8 4 8 8 2 .652046
4 8 4 8 8 4 .941981
4 8 4 8 8 4 .882350
4 8 4 8 8 4 .660927
4 8 4 8 8 8 .203913
4 8 4 8 8 8 .170347
4 8 4 8 8 8 .016075
4 8 8 2 2 2 .165414
4 8 8 2 2 2 .109083
4 8 8 2 2 2 .361192
4 8 8 2 2 4 .561133
4 8 8 2 2 4 .963839
4 8 8 2 2 4 .245494
4 8 8 2 2 8 .023861
4 8 8 2 2 8 .030040
4 8 8 2 2 8 .886172
4 8 8 2 4 2 .886352
4 8 8 2 4 2 .913224
4 8 8 2 4 2 .547401
4 8 8 2 4 4 .172576
4 8 8 2 4 4 .487048
4 8 8 2 4 4 .814419
4 8 8 2 4 8 .936609
4 8 8 2 4 8 .583064
4 8 8 2 4 8 .548907
4 8 8 2 8 2 .471753
4 8 8 2 8 2 .753337
4 8 8 2 8 2 .332312
4 8 8 2 8 4 .172459
4 8 8 2 8 4 .512964
4 8 8 2 8 4 .380426
4 8 8 2 8 8 .828165
4 8 8 2 8 8 .967038
4 8 8 2 8 8 .004778
4 8 8 4 2 2 .301390
4 8 8 4 2 2 .454566
4 8 8 4 2 2 .890453
4 8 8 4 2 4 .843533
4 8 8 4 2 4 .250356
4 8 8 4 2 4 .733911
4 8 8 4 2 8 .839556
4 8 8 4 2 8 .422961
4 8 8 4 2 8 .708479
4 8 8 4 4 2 .405874
4 8 8 4 4 2 .526300
4 8 8 4 4 2 .525560
4 8 8 4 4 4 .091534
4 8 8 4 4 4 .403688
4 8 8 4 4 4 .782130
4 8 8 4 4 8 .264789
4 8 8 4 4 8 .307859
4 8 8 4 4 8 .184968
4 8 8 4 8 2 .756626
4 8 8 4 8 2 .620673
4 8 8 4 8 2 .645346
4 8 8 4 8 4 .327313
4 8 8 4 8 4 .154232
4 8 8 4 8 4 .184355
4 8 8 4 8 8 .455199
4 8 8 4 8 8 .533180
4 8 8 4 8 8 .162428
4 8 8 8 2 2 .925770
4 8 8 8 2 2 .409058
4 8 8 8 2 2 .031187
4 8 8 8 2 4 .167285
4 8 8 8 2 4 .565061
4 8 8 8 2 4 .985431
4 8 8 8 2 8 .140259
4 8 8 8 2 8 .333570
4 8 8 8 2 8 .309118
4 8 8 8 4 2 .354326
4 8 8 8 4 2 .162868
4 8 8 8 4 2 .322150
4 8 8 8 4 4 .379582
4 8 8 8 4 4 .641376
4 8 8 8 4 4 .602311
4 8 8 8 4 8 .037683
4 8 8 8 4 8 .335103
4 8 8 8 4 8 .078214
4 8 8 8 8 2 .544029
4 8 8 8 8 2 .491122
4 8 8 8 8 2 .287871
4 8 8 8 8 4 .252718
4 8 8 8 8 4 .439320
4 8 8 8 8 4 .658614
4 8 8 8 8 8 .325579
4 8 8 8 8 8 .001664
4 8 8 8 8 8 .972696
8 2 2 2 2 2 .100870
8 2 2 2 2 2 .318377
8 2 2 2 2 2 .955516
8 2 2 2 2 4 .349269
8 2 2 2 2 4 .165406
8 2 2 2 2 4 .985489
8 2 2 2 2 8 .116442
8 2 2 2 2 8 .041885
8 2 2 2 2 8 .960956
8 2 2 2 4 2 .785281
8 2 2 2 4 2 .220390
8 2 2 2 4 2 .101461
8 2 2 2 4 4 .254563
8 2 2 2 4 4 .437511
8 2 2 2 4 4 .243011
8 2 2 2 4 8 .282594
8 2 2 2 4 8 .549228
8 2 2 2 4 8 .882302
8 2 2 2 8 2 .851649
8 2 2 2 8 2 .670468
8 2 2 2 8 2 .557610
8 2 2 2 8 4 .757833
8 2 2 2 8 4 .901996
8 2 2 2 8 4 .853380
8 2 2 2 8 8 .759697
8 2 2 2 8 8 .233950
8 2 2 2 8 8 .998290
8 2 2 4 2 2 .261283
8 2 2 4 2 2 .375040
8 2 2 4 2 2 .299503
8 2 2 4 2 4 .745522
8 2 2 4 2 4 .991835
8 2 2 4 2 4 .766313
8 2 2 4 2 8 .428610
8 2 2 4 2 8 .641665
8 2 2 4 2 8 .463801
8 2 2 4 4 2 .102468
8 2 2 4 4 2 .181880
8 2 2 4 4 2 .863361
8 2 2 4 4 4 .503358
8 2 2 4 4 4 .930975
8 2 2 4 4 4 .898036
8 2 2 4 4 8 .291166
8 2 2 4 4 8 .629141
8 2 2 4 4 8 .975400
8 2 2 4 8 2 .544049
8 2 2 4 8 2 .830669
8 2 2 4 8 2 .054810
8 2 2 4 8 4 .189622
8 2 2 4 8 4 .975294
8 2 2 4 8 4 .765209
8 2 2 4 8 8 .869878
8 2 2 4 8 8 .032339
8 2 2 4 8 8 .518437
8 2 2 8 2 2 .375437
8 2 2 8 2 2 .969667
8 2 2 8 2 2 .193147
8 2 2 8 2 4 .228571
8 2 2 8 2 4 .596947
8 2 2 8 2 4 .896504
8 2 2 8 2 8 .549478
8 2 2 8 2 8 .084773
8 2 2 8 2 8 .776984
8 2 2 8 4 2 .771090
8 2 2 8 4 2 .708398
8 2 2 8 4 2 .051936
8 2 2 8 4 4 .883565
8 2 2 8 4 4 .071636
8 2 2 8 4 4 .994661
8 2 2 8 4 8 .269917
8 2 2 8 4 8 .499773
8 2 2 8 4 8 .687318
8 2 2 8 8 2 .748435
8 2 2 8 8 2 .944647
8 2 2 8 8 2 .689707
8 2 2 8 8 4 .911773
8 2 2 8 8 4 .171227
8 2 2 8 8 4 .815332
8 2 2 8 8 8 .282827
8 2 2 8 8 8 .481877
8 2 2 8 8 8 .910853
8 2 4 2 2 2 .703183
8 2 4 2 2 2 .399308
8 2 4 2 2 2 .168436
8 2 4 2 2 4 .902494
8 2 4 2 2 4 .210064
8 2 4 2 2 4 .548365
8 2 4 2 2 8 .372777
8 2 4 2 2 8 .263153
8 2 4 2 2 8 .806702
8 2 4 2 4 2 .235834
8 2 4 2 4 2 .658912
8 2 4 2 4 2 .335606
8 2 4 2 4 4 .522131
8 2 4 2 4 4 .452883
8 2 4 2 4 4 .606870
8 2 4 2 4 8 .667104
8 2 4 2 4 8 .021766
8 2 4 2 4 8 .819205
8 2 4 2 8 2 .377316
8 2 4 2 8 2 .541796
8 2 4 2 8 2 .969700
8 2 4 2 8 4 .746284
8 2 4 2 8 4 .793286
8 2 4 2 8 4 .758699
8 2 4 2 8 8 .453228
8 2 4 2 8 8 .406750
8 2 4 2 8 8 .244226
8 2 4 4 2 2 .702280
8 2 4 4 2 2 .213819
8 2 4 4 2 2 .661177
8 2 4 4 2 4 .407049
8 2 4 4 2 4 .276393
8 2 4 4 2 4 .343149
8 2 4 4 2 8 .301463
8 2 4 4 2 8 .688401
8 2 4 4 2 8 .954292
8 2 4 4 4 2 .778182
8 2 4 4 4 2 .902304
8 2 4 4 4 2 .021656
8 2 4 4 4 4 .974240
8 2 4 4 4 4 .053752
8 2 4 4 4 4 .409958
8 2 4 4 4 8 .163551
8 2 4 4 4 8 .796038
8 2 4 4 4 8 .011579
8 2 4 4 8 2 .602006
8 2 4 4 8 2 .921468
8 2 4 4 8 2 .109927
8 2 4 4 8 4 .545015
8 2 4 4 8 4 .073038
8 2 4 4 8 4 .556517
8 2 4 4 8 8 .383381
8 2 4 4 8 8 .481430
8 2 4 4 8 8 .390933
8 2 4 8 2 2 .408673
8 2 4 8 2 2 .559109
8 2 4 8 2 2 .941078
8 2 4 8 2 4 .699030
8 2 4 8 2 4 .589636
8 2 4 8 2 4 .011143
8 2 4 8 2 8 .282762
8 2 4 8 2 8 .387383
8 2 4 8 2 8 .745794
8 2 4 8 4 2 .565690
8 2 4 8 4 2 .554309
8 2 4 8 4 2 .268586
8 2 4 8 4 4 .117163
8 2 4 8 4 4 .161620
8 2 4 8 4 4 .354305
8 2 4 8 4 8 .808310
8 2 4 8 4 8 .265734
8 2 4 8 4 8 .191671
8 2 4 8 8 2 .414449
8 2 4 8 8 2 .648154
8 2 4 8 8 2 .529665
8 2 4 8 8 4 .072855
8 2 4 8 8 4 .469946
8 2 4 8 8 4 .378955
8 2 4 8 8 8 .098857
8 2 4 8 8 8 .493255
8 2 4 8 8 8 .132815
8 2 8 2 2 2 .216246
8 2 8 2 2 2 .438291
8 2 8 2 2 2 .353126
8 2 8 2 2 4 .993806
8 2 8 2 2 4 .892149
8 2 8 2 2 4 .349940
8 2 8 2 2 8 .439150
8 2 8 2 2 8 .801629
8 2 8 2 2 8 .982168
8 2 8 2 4 2 .301218
8 2 8 2 4 2 .576638
8 2 8 2 4 2 .551921
8 2 8 2 4 4 .143244
8 2 8 2 4 4 .506545
8 2 8 2 4 4 .499835
8 2 8 2 4 8 .729641
8 2 8 2 4 8 .082598
8 2 8 2 4 8 .217063
8 2 8 2 8 2 .172927
8 2 8 2 8 2 .385219
8 2 8 2 8 2 .374622
8 2 8 2 8 4 .264364
8 2 8 2 8 4 .164685
8 2 8 2 8 4 .856503
8 2 8 2 8 8 .245427
8 2 8 2 8 8 .893365
8 2 8 2 8 8 .791156
8 2 8 4 2 2 .964197
8 2 8 4 2 2 .250746
8 2 8 4 2 2 .284081
8 2 8 4 2 4 .549814
8 2 8 4 2 4 .718898
8 2 8 4 2 4 .515290
8 2 8 4 2 8 .486485
8 2 8 4 2 8 .351869
8 2 8 4 2 8 .858476
8 2 8 4 4 2 .412210
8 2 8 4 4 2 .020403
8 2 8 4 4 2 .915688
8 2 8 4 4 4 .959515
8 2 8 4 4 4 .568632
8 2 8 4 4 4 .997882
8 2 8 4 4 8 .400523
8 2 8 4 4 8 .587660
8 2 8 4 4 8 .806355
8 2 8 4 8 2 .408225
8 2 8 4 8 2 .043407
8 2 8 4 8 2 .545435
8 2 8 4 8 4 .130099
8 2 8 4 8 4 .574699
8 2 8 4 8 4 .969220
8 2 8 4 8 8 .681336
8 2 8 4 8 8 .207209
8 2 8 4 8 8 .563862
8 2 8 8 2 2 .830683
8 2 8 8 2 2 .292872
8 2 8 8 2 2 .306062
8 2 8 8 2 4 .977984
8 2 8 8 2 4 .984922
8 2 8 8 2 4 .583705
8 2 8 8 2 8 .332869
8 2 8 8 2 8 .521573
8 2 8 8 2 8 .082395
8 2 8 8 4 2 .807740
8 2 8 8 4 2 .681656
8 2 8 8 4 2 .594764
8 2 8 8 4 4 .204153
8 2 8 8 4 4 .200402
8 2 8 8 4 4 .163936
8 2 8 8 4 8 .280788
8 2 8 8 4 8 .197465
8 2 8 8 4 8 .793055
8 2 8 8 8 2 .871827
8 2 8 8 8 2 .789200
8 2 8 8 8 2 .090746
8 2 8 8 8 4 .160008
8 2 8 8 8 4 .247026
8 2 8 8 8 4 .761440
8 2 8 8 8 8 .517070
8 2 8 8 8 8 .391793
8 2 8 8 8 8 .867991
8 4 2 2 2 2 .332695
8 4 2 2 2 2 .596703
8 4 2 2 2 2 .780210
8 4 2 2 2 4 .986729
8 4 2 2 2 4 .954354
8 4 2 2 2 4 .822799
8 4 2 2 2 8 .777039
8 4 2 2 2 8 .686431
8 4 2 2 2 8 .841948
8 4 2 2 4 2 .627998
8 4 2 2 4 2 .768394
8 4 2 2 4 2 .396655
8 4 2 2 4 4 .585257
8 4 2 2 4 4 .420051
8 4 2 2 4 4 .801599
8 4 2 2 4 8 .477759
8 4 2 2 4 8 .690773
8 4 2 2 4 8 .813622
8 4 2 2 8 2 .550919
8 4 2 2 8 2 .294793
8 4 2 2 8 2 .586986
8 4 2 2 8 4 .474320
8 4 2 2 8 4 .898639
8 4 2 2 8 4 .429241
8 4 2 2 8 8 .259919
8 4 2 2 8 8 .464033
8 4 2 2 8 8 .000039
8 4 2 4 2 2 .658065
8 4 2 4 2 2 .091840
8 4 2 4 2 2 .562306
8 4 2 4 2 4 .679043
8 4 2 4 2 4 .667623
8 4 2 4 2 4 .745264
8 4 2 4 2 8 .652465
8 4 2 4 2 8 .981988
8 4 2 4 2 8 .279692
8 4 2 4 4 2 .782769
8 4 2 4 4 2 .005182
8 4 2 4 4 2 .086813
8 4 2 4 4 4 .059197
8 4 2 4 4 4 .926769
8 4 2 4 4 4 .214659
8 4 2 4 4 8 .781356
8 4 2 4 4 8 .253661
8 4 2 4 4 8 .286591
8 4 2 4 8 2 .738162
8 4 2 4 8 2 .295857
8 4 2 4 8 2 .473190
8 4 2 4 8 4 .909973
8 4 2 4 8 4 .923061
8 4 2 4 8 4 .891786
8 4 2 4 8 8 .250655
8 4 2 4 8 8 .752406
8 4 2 4 8 8 .683910
8 4 2 8 2 2 .468107
8 4 2 8 2 2 .473922
8 4 2 8 2 2 .208753
8 4 2 8 2 4 .506390
8 4 2 8 2 4 .897771
8 4 2 8 2 4 .835066
8 4 2 8 2 8 .958706
8 4 2 8 2 8 .973102
8 4 2 8 2 8 .918436
8 4 2 8 4 2 .148704
8 4 2 8 4 2 .262890
8 4 2 8 4 2 .396488
8 4 2 8 4 4 .771451
8 4 2 8 4 4 .770618
8 4 2 8 4 4 .775716
8 4 2 8 4 8 .454478
8 4 2 8 4 8 .418673
8 4 2 8 4 8 .636321
8 4 2 8 8 2 .647096
8 4 2 8 8 2 .742002
8 4 2 8 8 2 .829492
8 4 2 8 8 4 .272135
8 4 2 8 8 4 .780221
8 4 2 8 8 4 .180408
8 4 2 8 8 8 .119997
8 4 2 8 8 8 .787707
8 4 2 8 8 8 .991853
8 4 4 2 2 2 .077255
8 4 4 2 2 2 .424933
8 4 4 2 2 2 .841116
8 4 4 2 2 4 .633542
8 4 4 2 2 4 .944811
8 4 4 2 2 4 .430353
8 4 4 2 2 8 .945963
8 4 4 2 2 8 .798559
8 4 4 2 2 8 .377179
8 4 4 2 4 2 .246792
8 4 4 2 4 2 .828705
8 4 4 2 4 2 .041603
8 4 4 2 4 4 .228601
8 4 4 2 4 4 .094000
8 4 4 2 4 4 .861429
8 4 4 2 4 8 .043491
8 4 4 2 4 8 .954651
8 4 4 2 4 8 .824232
8 4 4 2 8 2 .869014
8 4 4 2 8 2 .511974
8 4 4 2 8 2 .750104
8 4 4 2 8 4 .998299
8 4 4 2 8 4 .417458
8 4 4 2 8 4 .211603
8 4 4 2 8 8 .403707
8 4 4 2 8 8 .108905
8 4 4 2 8 8 .362057
8 4 4 4 2 2 .096877
8 4 4 4 2 2 .203926
8 4 4 4 2 2 .387090
8 4 4 4 2 4 .823579
8 4 4 4 2 4 .899207
8 4 4 4 2 4 .965837
8 4 4 4 2 8 .817065
8 4 4 4 2 8 .416839
8 4 4 4 2 8 .817441
8 4 4 4 4 2 .724963
8 4 4 4 4 2 .458524
8 4 4 4 4 2 .415100
8 4 4 4 4 4 .592706
8 4 4 4 4 4 .603360
8 4 4 4 4 4 .667519
8 4 4 4 4 8 .987430
8 4 4 4 4 8 .739097
8 4 4 4 4 8 .004202
8 4 4 4 8 2 .625461
8 4 4 4 8 2 .130178
8 4 4 4 8 2 .896096
8 4 4 4 8 4 .677832
8 4 4 4 8 4 .328330
8 4 4 4 8 4 .236833
8 4 4 4 8 8 .451460
8 4 4 4 8 8 .680744
8 4 4 4 8 8 .258829
8 4 4 8 2 2 .145993
8 4 4 8 2 2 .703849
8 4 4 8 2 2 .598780
8 4 4 8 2 4 .690966
8 4 4 8 2 4 .073712
8 4 4 8 2 4 .879646
8 4 4 8 2 8 .202964
8 4 4 8 2 8 .216739
8 4 4 8 2 8 .732599
8 4 4 8 4 2 .785623
8 4 4 8 4 2 .958215
8 4 4 8 4 2 .715460
8 4 4 8 4 4 .740477
8 4 4 8 4 4 .195229
8 4 4 8 4 4 .215447
8 4 4 8 4 8 .020458
8 4 4 8 4 8 .839160
8 4 4 8 4 8 .760827
8 4 4 8 8 2 .218624
8 4 4 8 8 2 .420198
8 4 4 8 8 2 .270701
8 4 4 8 8 4 .676851
8 4 4 8 8 4 .835845
8 4 4 8 8 4 .050492
8 4 4 8 8 8 .622814
8 4 4 8 8 8 .633692
8 4 4 8 8 8 .457732
8 4 8 2 2 2 .109521
8 4 8 2 2 2 .725235
8 4 8 2 2 2 .017517
8 4 8 2 2 4 .412836
8 4 8 2 2 4 .538175
8 4 8 2 2 4 .102257
8 4 8 2 2 8 .640354
8 4 8 2 2 8 .435772
8 4 8 2 2 8 .027800
8 4 8 2 4 2 .242478
8 4 8 2 4 2 .329900
8 4 8 2 4 2 .631842
8 4 8 2 4 4 .375769
8 4 8 2 4 4 .544640
8 4 8 2 4 4 .768851
8 4 8 2 4 8 .078941
8 4 8 2 4 8 .762721
8 4 8 2 4 8 .048265
8 4 8 2 8 2 .184594
8 4 8 2 8 2 .470330
8 4 8 2 8 2 .838480
8 4 8 2 8 4 .338452
8 4 8 2 8 4 .368350
8 4 8 2 8 4 .853798
8 4 8 2 8 8 .786713
8 4 8 2 8 8 .278563
8 4 8 2 8 8 .815297
8 4 8 4 2 2 .703332
8 4 8 4 2 2 .897892
8 4 8 4 2 2 .870376
8 4 8 4 2 4 .412815
8 4 8 4 2 4 .181981
8 4 8 4 2 4 .554443
8 4 8 4 2 8 .530931
8 4 8 4 2 8 .350968
8 4 8 4 2 8 .725291
8 4 8 4 4 2 .971990
8 4 8 4 4 2 .235327
8 4 8 4 4 2 .140848
8 4 8 4 4 4 .237746
8 4 8 4 4 4 .801560
8 4 8 4 4 4 .822300
8 4 8 4 4 8 .401016
8 4 8 4 4 8 .867889
8 4 8 4 4 8 .602370
8 4 8 4 8 2 .038660
8 4 8 4 8 2 .755131
8 4 8 4 8 2 .487712
8 4 8 4 8 4 .978602
8 4 8 4 8 4 .355253
8 4 8 4 8 4 .729884
8 4 8 4 8 8 .165043
8 4 8 4 8 8 .878878
8 4 8 4 8 8 .310328
8 4 8 8 2 2 .677584
8 4 8 8 2 2 .150371
8 4 8 8 2 2 .287851
8 4 8 8 2 4 .906707
8 4 8 8 2 4 .022169
8 4 8 8 2 4 .591714
8 4 8 8 2 8 .944596
8 4 8 8 2 8 .829331
8 4 8 8 2 8 .568109
8 4 8 8 4 2 .211342
8 4 8 8 4 2 .030379
8 4 8 8 4 2 .582117
8 4 8 8 4 4 .641647
8 4 8 8 4 4 .155059
8 4 8 8 4 4 .068264
8 4 8 8 4 8 .307525
8 4 8 8 4 8 .574306
8 4 8 8 4 8 .368609
8 4 8 8 8 2 .210034
8 4 8 8 8 2 .034971
8 4 8 8 8 2 .756950
8 4 8 8 8 4 .065227
8 4 8 8 8 4 .275348
8 4 8 8 8 4 .770594
8 4 8 8 8 8 .374207
8 4 8 8 8 8 .302871
8 4 8 8 8 8 .354434
8 8 2 2 2 2 .967253
8 8 2 2 2 2 .622282
8 8 2 2 2 2 .697825
8 8 2 2 2 4 .346591
8 8 2 2 2 4 .154431
8 8 2 2 2 4 .516009
8 8 2 2 2 8 .565461
8 8 2 2 2 8 .696418
8 8 2 2 2 8 .688987
8 8 2 2 4 2 .807667
8 8 2 2 4 2 .458841
8 8 2 2 4 2 .736131
8 8 2 2 4 4 .161797
8 8 2 2 4 4 .327840
8 8 2 2 4 4 .012462
8 8 2 2 4 8 .440638
8 8 2 2 4 8 .805494
8 8 2 2 4 8 .933097
8 8 2 2 8 2 .563489
8 8 2 2 8 2 .567060
8 8 2 2 8 2 .575652
8 8 2 2 8 4 .987787
8 8 2 2 8 4 .728453
8 8 2 2 8 4 .111175
8 8 2 2 8 8 .510826
8 8 2 2 8 8 .444486
8 8 2 2 8 8 .474775
8 8 2 4 2 2 .544986
8 8 2 4 2 2 .585182
8 8 2 4 2 2 .148493
8 8 2 4 2 4 .725622
8 8 2 4 2 4 .525456
8 8 2 4 2 4 .345189
8 8 2 4 2 8 .587793
8 8 2 4 2 8 .032957
8 8 2 4 2 8 .908952
8 8 2 4 4 2 .757572
8 8 2 4 4 2 .507967
8 8 2 4 4 2 .409143
8 8 2 4 4 4 .463210
8 8 2 4 4 4 .162533
8 8 2 4 4 4 .693285
8 8 2 4 4 8 .034670
8 8 2 4 4 8 .692757
8 8 2 4 4 8 .171729
8 8 2 4 8 2 .250726
8 8 2 4 8 2 .947031
8 8 2 4 8 2 .743430
8 8 2 4 8 4 .820092
8 8 2 4 8 4 .288709
8 8 2 4 8 4 .332639
8 8 2 4 8 8 .655550
8 8 2 4 8 8 .835034
8 8 2 4 8 8 .424314
8 8 2 8 2 2 .441389
8 8 2 8 2 2 .431431
8 8 2 8 2 2 .059046
8 8 2 8 2 4 .383153
8 8 2 8 2 4 .644286
8 8 2 8 2 4 .518011
8 8 2 8 2 8 .208885
8 8 2 8 2 8 .737829
8 8 2 8 2 8 .688851
8 8 2 8 4 2 .513320
8 8 2 8 4 2 .367020
8 8 2 8 4 2 .502298
8 8 2 8 4 4 .123723
8 8 2 8 4 4 .415590
8 8 2 8 4 4 .813234
8 8 2 8 4 8 .029127
8 8 2 8 4 8 .540555
8 8 2 8 4 8 .115948
8 8 2 8 8 2 .732887
8 8 2 8 8 2 .632031
8 8 2 8 8 2 .549682
8 8 2 8 8 4 .510782
8 8 2 8 8 4 .706819
8 8 2 8 8 4 .512091
8 8 2 8 8 8 .720948
8 8 2 8 8 8 .975647
8 8 2 8 8 8 .705298
8 8 4 2 2 2 .946474
8 8 4 2 2 2 .382200
8 8 4 2 2 2 .630165
8 8 4 2 2 4 .184357
8 8 4 2 2 4 .488743
8 8 4 2 2 4 .304140
8 8 4 2 2 8 .686839
8 8 4 2 2 8 .700235
8 8 4 2 2 8 .849437
8 8 4 2 4 2 .490260
8 8 4 2 4 2 .800510
8 8 4 2 4 2 .179238
8 8 4 2 4 4 .449827
8 8 4 2 4 4 .234011
8 8 4 2 4 4 .023474
8 8 4 2 4 8 .527689
8 8 4 2 4 8 .871800
8 8 4 2 4 8 .338934
8 8 4 2 8 2 .458718
8 8 4 2 8 2 .674611
8 8 4 2 8 2 .187636
8 8 4 2 8 4 .596737
8 8 4 2 8 4 .357162
8 8 4 2 8 4 .820933
8 8 4 2 8 8 .423101
8 8 4 2 8 8 .051874
8 8 4 2 8 8 .845013
8 8 4 4 2 2 .138688
8 8 4 4 2 2 .924011
8 8 4 4 2 2 .856061
8 8 4 4 2 4 .820136
8 8 4 4 2 4 .022251
8 8 4 4 2 4 .974908
8 8 4 4 2 8 .275584
8 8 4 4 2 8 .735949
8 8 4 4 2 8 .099175
8 8 4 4 4 2 .829046
8 8 4 4 4 2 .782175
8 8 4 4 4 2 .012364
8 8 4 4 4 4 .797382
8 8 4 4 4 4 .605344
8 8 4 4 4 4 .017228
8 8 4 4 4 8 .547190
8 8 4 4 4 8 .626824
8 8 4 4 4 8 .029054
8 8 4 4 8 2 .311988
8 8 4 4 8 2 .577041
8 8 4 4 8 2 .320619
8 8 4 4 8 4 .651622
8 8 4 4 8 4 .814288
8 8 4 4 8 4 .735630
8 8 4 4 8 8 .737055
8 8 4 4 8 8 .686567
8 8 4 4 8 8 .129753
8 8 4 8 2 2 .754228
8 8 4 8 2 2 .316178
8 8 4 8 2 2 .003219
8 8 4 8 2 4 .104098
8 8 4 8 2 4 .569399
8 8 4 8 2 4 .883811
8 8 4 8 2 8 .211794
8 8 4 8 2 8 .616127
8 8 4 8 2 8 .240964
8 8 4 8 4 2 .878211
8 8 4 8 4 2 .088676
8 8 4 8 4 2 .376962
8 8 4 8 4 4 .593670
8 8 4 8 4 4 .803795
8 8 4 8 4 4 .389757
8 8 4 8 4 8 .647873
8 8 4 8 4 8 .797826
8 8 4 8 4 8 .063068
8 8 4 8 8 2 .980936
8 8 4 8 8 2 .591894
8 8 4 8 8 2 .961583
8 8 4 8 8 4 .331282
8 8 4 8 8 4 .863762
8 8 4 8 8 4 .250697
8 8 4 8 8 8 .472729
8 8 4 8 8 8 .158855
8 8 4 8 8 8 .870751
8 8 8 2 2 2 .714764
8 8 8 2 2 2 .039750
8 8 8 2 2 2 .071981
8 8 8 2 2 4 .790158
8 8 8 2 2 4 .185877
8 8 8 2 2 4 .041306
8 8 8 2 2 8 .237858
8 8 8 2 2 8 .682644
8 8 8 2 2 8 .192756
8 8 8 2 4 2 .651416
8 8 8 2 4 2 .344397
8 8 8 2 4 2 .273417
8 8 8 2 4 4 .317012
8 8 8 2 4 4 .022727
8 8 8 2 4 4 .980141
8 8 8 2 4 8 .228337
8 8 8 2 4 8 .662178
8 8 8 2 4 8 .221213
8 8 8 2 8 2 .928902
8 8 8 2 8 2 .061747
8 8 8 2 8 2 .786237
8 8 8 2 8 4 .288490
8 8 8 2 8 4 .651240
8 8 8 2 8 4 .384612
8 8 8 2 8 8 .181159
8 8 8 2 8 8 .740659
8 8 8 2 8 8 .257187
8 8 8 4 2 2 .533529
8 8 8 4 2 2 .024292
8 8 8 4 2 2 .282173
8 8 8 4 2 4 .483723
8 8 8 4 2 4 .934847
8 8 8 4 2 4 .967667
8 8 8 4 2 8 .587070
8 8 8 4 2 8 .885485
8 8 8 4 2 8 .345682
8 8 8 4 4 2 .869281
8 8 8 4 4 2 .006556
8 8 8 4 4 2 .191843
8 8 8 4 4 4 .311967
8 8 8 4 4 4 .225770
8 8 8 4 4 4 .510074
8 8 8 4 4 8 .817946
8 8 8 4 4 8 .220417
8 8 8 4 4 8 .543713
8 8 8 4 8 2 .191895
8 8 8 4 8 2 .183057
8 8 8 4 8 2 .644666
8 8 8 4 8 4 .893645
8 8 8 4 8 4 .494929
8 8 8 4 8 4 .279475
8 8 8 4 8 8 .139070
8 8 8 4 8 8 .351769
8 8 8 4 8 8 .183774
8 8 8 8 2 2 .693228
8 8 8 8 2 2 .082349
8 8 8 8 2 2 .043158
8 8 8 8 2 4 .360519
8 8 8 8 2 4 .244023
8 8 8 8 2 4 .296815
8 8 8 8 2 8 .570678
8 8 8 8 2 8 .384147
8 8 8 8 2 8 .351096
8 8 8 8 4 2 .866680
8 8 8 8 4 2 .289279
8 8 8 8 4 2 .918743
8 8 8 8 4 4 .320744
8 8 8 8 4 4 .747109
8 8 8 8 4 4 .662450
8 8 8 8 4 8 .793832
8 8 8 8 4 8 .933927
8 8 8 8 4 8 .516082
8 8 8 8 8 2 .795015
8 8 8 8 8 2 .809086
8 8 8 8 8 2 .307525
8 8 8 8 8 4 .577993
8 8 8 8 8 4 .322907
8 8 8 8 8 4 .100140
8 8 8 8 8 8 .059183
8 8 8 8 8 8 .690319
8 8 8 8 8 8 .195004
